0.01  1.336624e-06
0.01160155  1.596215e-06
0.0134596  1.906222e-06
0.01561523  2.276437e-06
0.01811609  2.718552e-06
0.02101748  3.246534e-06
0.02438354  3.877055e-06
0.02828869  4.630033e-06
0.03281928  5.529251e-06
0.03807546  6.603108e-06
0.04417345  7.885524e-06
0.05124806  9.417002e-06
0.05945571  1.124592e-05
0.06897785  1.343003e-05
0.08002502  1.603833e-05
0.09284145  1.915319e-05
0.1077105  2.287051e-05
0.1249609  2.728264e-05
0.1449741  3.250858e-05
0.1681924  3.869154e-05
0.1951293  4.59991e-05
0.2263803  5.462713e-05
0.2626364  6.48046e-05
0.304699  7.679907e-05
0.3534981  9.092339e-05
0.4101127  0.0001075433
0.4757944  0.0001270865
0.5519954  0.0001500534
0.6404004  0.0001770295
0.742964  0.0002087007
0.8619536  0.0002458705
1.0  0.0002894815
1.160155  0.0003406397
1.34596  0.0004006446
1.561523  0.0004710242
1.811609  0.000553577
2.101748  0.0006504223
2.438354  0.0007640598
2.828869  0.0008974403
3.281928  0.00105405
3.807546  0.001238009
4.417345  0.001454185
5.124806  0.001708323
5.945571  0.002007193
6.897785  0.002358737
8.002502  0.002772227
9.284145  0.003258388
10.77105  0.003829476
12.49609  0.004499252
14.49741  0.005282794
16.81924  0.006196056
19.51293  0.007255114
22.63803  0.008474961
26.26364  0.009867859
30.4699  0.0114412
35.34981  0.01319501
41.01127  0.01511934
47.57944  0.01719173
55.19954  0.01937542
64.04004  0.02161852
74.2964  0.0238547
86.19536  0.02600552
100.0  0.02798464
116.0155  0.02970333
134.596  0.03107707
156.1523  0.03203237
181.1609  0.03251308
210.1748  0.03248548
243.8354  0.03194147
282.8869  0.03089952
328.1928  0.02940335
380.7546  0.02751849
441.7345  0.02532703
512.4806  0.02292138
594.5571  0.02039738
689.7785  0.01784779
800.2502  0.01535647
928.4145  0.01299395
1077.105  0.01081457
1249.609  0.008855284
1449.741  0.007136141
1681.924  0.005662016
1951.293  0.004425266
2263.803  0.003408924
2626.364  0.002589914
3046.99  0.001942011
3534.981  0.001438287
4101.127  0.00105296
4757.944  0.0007626173
5519.954  0.0005468749
6404.004  0.0003886086
7429.64  0.00027386
8619.536  0.0001915461
10000.0  0.000133066
11601.55  9.187835e-05
13459.6  6.309468e-05
15615.23  4.311879e-05
18116.09  2.934098e-05
21017.48  1.988993e-05
24383.54  1.343816e-05
28288.69  9.052535e-06
32819.28  6.082499e-06
38075.46  4.077709e-06
44173.45  2.728328e-06
51248.06  1.822355e-06
59455.71  1.215408e-06
68977.85  8.095589e-07
80025.02  5.386246e-07
92841.45  3.580142e-07
107710.5  2.377646e-07
124960.9  1.577888e-07
144974.1  1.046476e-07
168192.4  6.936581e-08
195129.3  4.595738e-08
226380.3  3.043598e-08
262636.4  2.014954e-08
304699.0  1.333554e-08
353498.1  8.823523e-09
410112.7  5.836791e-09
475794.4  3.860299e-09
551995.4  2.552666e-09
640400.4  1.687732e-09
742964.0  1.115727e-09
861953.6  7.375051e-10
1000000.0  4.87451e-10
