0.01  0.001929606
0.01160155  0.002305211
0.0134596  0.002753929
0.01561523  0.003289993
0.01811609  0.003930402
0.02101748  0.00469547
0.02438354  0.005609462
0.02828869  0.006701364
0.03281928  0.008005812
0.03807546  0.009564174
0.04417345  0.01142588
0.05124806  0.01364997
0.05945571  0.01630699
0.06897785  0.0194812
0.08002502  0.02327329
0.09284145  0.02780353
0.1077105  0.03321199
0.1249609  0.039634
0.1449741  0.04724375
0.1681924  0.05625093
0.1951293  0.06690104
0.2263803  0.07948114
0.2626364  0.09432708
0.304699  0.1118315
0.3534981  0.132454
0.4101127  0.156732
0.4757944  0.1852949
0.5519954  0.2188794
0.6404004  0.2583489
0.742964  0.3047157
0.8619536  0.3591673
1.0  0.4230989
1.160155  0.4981503
1.34596  0.5862517
1.561523  0.6896774
1.811609  0.81111
2.101748  0.9537187
2.438354  1.121251
2.828869  1.318144
3.281928  1.549656
3.807546  1.822018
4.417345  2.142621
5.124806  2.520215
5.945571  2.96514
6.897785  3.489565
8.002502  4.107722
9.284145  4.836092
10.77105  5.693489
12.49609  6.70096
14.49741  7.881381
16.81924  9.258577
19.51293  10.85589
22.63803  12.69392
26.26364  14.78755
30.4699  17.14212
35.34981  19.74927
41.01127  22.58264
47.57944  25.59445
55.19954  28.71349
64.04004  31.84559
74.2964  34.87687
86.19536  37.68004
100.0  40.12346
116.0155  42.08175
134.596  43.44695
156.1523  44.13855
181.1609  44.11116
210.1748  43.35865
243.8354  41.91451
282.8869  39.84834
328.1928  37.25918
380.7546  34.26669
441.7345  31.00124
512.4806  27.59411
594.5571  24.1688
689.7785  20.83408
800.2502  17.67917
928.4145  14.7712
1077.105  12.15478
1249.609  9.853326
1449.741  7.871686
1681.924  6.199679
1951.293  4.815882
2263.803  3.691486
2626.364  2.793715
3046.99  2.088712
3534.981  1.543723
4101.127  1.128624
4757.944  0.8168189
5519.954  0.5856155
6404.004  0.4162228
7429.64  0.2934803
8619.536  0.2054369
10000.0  0.1428628
11601.55  0.09876053
13459.6  0.06791023
15615.23  0.04647524
18116.09  0.03167174
21017.48  0.02150276
24383.54  0.01455054
28288.69  0.009817436
32819.28  0.006607012
38075.46  0.004436477
44173.45  0.002973169
51248.06  0.001989106
59455.71  0.001328766
68977.85  0.0008864942
80025.02  0.0005907632
92841.45  0.0003933019
107710.5  0.0002616194
124960.9  0.000173898
144974.1  0.000115516
168192.4  7.669224e-05
195129.3  5.089243e-05
226380.3  3.375793e-05
262636.4  2.23843e-05
304699.0  1.483809e-05
353498.1  9.833258e-06
410112.7  6.515038e-06
475794.4  4.315694e-06
551995.4  2.858314e-06
640400.4  1.892802e-06
742964.0  1.253271e-06
861953.6  8.297303e-07
1000000.0  5.492722e-07
