0.01  3.416223e-07
0.01160155  4.027498e-07
0.0134596  4.748152e-07
0.01561523  5.597756e-07
0.01811609  6.59938e-07
0.02101748  7.78023e-07
0.02438354  9.172372e-07
0.02828869  1.081361e-06
0.03281928  1.274853e-06
0.03807546  1.502967e-06
0.04417345  1.771898e-06
0.05124806  2.088949e-06
0.05945571  2.462732e-06
0.06897785  2.903396e-06
0.08002502  3.42291e-06
0.09284145  4.035383e-06
0.1077105  4.757023e-06
0.1249609  5.603299e-06
0.1449741  6.594196e-06
0.1681924  7.753646e-06
0.1951293  9.109481e-06
0.2263803  1.069404e-05
0.2626364  1.254489e-05
0.304699  1.47057e-05
0.3534981  1.722718e-05
0.4101127  2.016826e-05
0.4757944  2.359734e-05
0.5519954  2.759389e-05
0.6404004  3.225016e-05
0.742964  3.767329e-05
0.8619536  4.398762e-05
1.0  5.133756e-05
1.160155  5.989073e-05
1.34596  6.984184e-05
1.561523  8.141698e-05
1.811609  9.487882e-05
2.101748  0.0001105327
2.438354  0.0001287339
2.828869  0.0001498958
3.281928  0.0001745005
3.807546  0.0002031101
4.417345  0.0002363816
5.124806  0.0002750835
5.945571  0.0003201157
6.897785  0.0003725329
8.002502  0.0004335711
9.284145  0.000504678
10.77105  0.000587546
12.49609  0.0006841468
14.49741  0.0007967667
16.81924  0.0009280366
19.51293  0.001080959
22.63803  0.001258912
26.26364  0.001465641
30.4699  0.001705203
35.34981  0.001981872
41.01127  0.002299965
47.57944  0.002663591
55.19954  0.003076277
64.04004  0.00354048
74.2964  0.00405695
86.19536  0.004623963
100.0  0.005236466
116.0155  0.005885173
134.596  0.006555766
156.1523  0.007228335
181.1609  0.007877296
210.1748  0.00847202
243.8354  0.008978347
282.8869  0.009361117
328.1928  0.009587621
380.7546  0.009631635
441.7345  0.009477451
512.4806  0.009123128
594.5571  0.00858215
689.7785  0.007882926
800.2502  0.00706596
928.4145  0.006179119
1077.105  0.005271867
1249.609  0.004389624
1449.741  0.003569295
1681.924  0.002836687
1951.293  0.002205925
2263.803  0.00168064
2626.364  0.00125624
3046.99  0.0009226318
3534.981  0.0006668043
4101.127  0.0004749361
4757.944  0.0003338668
5519.954  0.0002319619
6404.004  0.0001594894
7429.64  0.0001086531
8619.536  7.342203e-05
10000.0  4.926251e-05
11601.55  3.284737e-05
13459.6  2.178328e-05
15615.23  1.437773e-05
18116.09  9.450865e-06
21017.48  6.190171e-06
24383.54  4.041946e-06
28288.69  2.632178e-06
32819.28  1.710146e-06
38075.46  1.108872e-06
44173.45  7.177575e-07
51248.06  4.639003e-07
59455.71  2.994406e-07
68977.85  1.930691e-07
80025.02  1.243646e-07
92841.45  8.00425e-08
107710.5  5.147939e-08
124960.9  3.308857e-08
144974.1  2.125645e-08
168192.4  1.364913e-08
195129.3  8.760856e-09
226380.3  5.621338e-09
262636.4  3.605824e-09
304699.0  2.312382e-09
353498.1  1.482586e-09
410112.7  9.503809e-10
475794.4  6.091229e-10
551995.4  3.903473e-10
640400.4  2.501179e-10
742964.0  1.602481e-10
861953.6  1.026601e-10
1000000.0  6.576225e-11
