0.01  1.261366e-05
0.01160155  1.500516e-05
0.0134596  1.785009e-05
0.01561523  2.12344e-05
0.01811609  2.526036e-05
0.02101748  3.004963e-05
0.02438354  3.574693e-05
0.02828869  4.252441e-05
0.03281928  5.058689e-05
0.03807546  6.017797e-05
0.04417345  7.158749e-05
0.05124806  8.516021e-05
0.05945571  0.0001013063
0.06897785  0.0001205135
0.08002502  0.0001433625
0.09284145  0.0001705435
0.1077105  0.000202856
0.1249609  0.0002410588
0.1449741  0.0002861356
0.1681924  0.0003392697
0.1951293  0.0004018427
0.2263803  0.0004754659
0.2626364  0.0005620191
0.304699  0.0006636949
0.3534981  0.0007830517
0.4101127  0.000923075
0.4757944  0.001087248
0.5519954  0.001279638
0.6404004  0.001504994
0.742964  0.001768863
0.8619536  0.002077726
1.0  0.002439163
1.160155  0.002862035
1.34596  0.003356718
1.561523  0.003935354
1.811609  0.004612165
2.101748  0.005403814
2.438354  0.006329825
2.828869  0.007413074
3.281928  0.008680351
3.807546  0.01016299
4.417345  0.01189757
5.124806  0.0139267
5.945571  0.01629978
6.897785  0.01907372
8.002502  0.02231362
9.284145  0.02609307
10.77105  0.03049411
12.49609  0.03560644
14.49741  0.04152581
16.81924  0.04835095
19.51293  0.05617932
22.63803  0.06510085
26.26364  0.07518998
30.4699  0.08649592
35.34981  0.09903164
41.01127  0.1127619
47.57944  0.1275911
55.19954  0.1433528
64.04004  0.1598003
74.2964  0.1766028
86.19536  0.1933444
100.0  0.2095308
116.0155  0.2246032
134.596  0.2379596
156.1523  0.2489851
181.1609  0.2570886
210.1748  0.261747
243.8354  0.2625503
282.8869  0.2592472
328.1928  0.2517821
380.7546  0.2403204
441.7345  0.2252542
512.4806  0.2071856
594.5571  0.1868859
689.7785  0.1652343
800.2502  0.1431425
928.4145  0.1214763
1077.105  0.100985
1249.609  0.08225018
1449.741  0.06565779
1681.924  0.05139743
1951.293  0.039483
2263.803  0.02978963
2626.364  0.02209683
3046.99  0.01613126
3534.981  0.01160293
4101.127  0.008232434
4757.944  0.005768354
5519.954  0.003996051
6404.004  0.002739941
7429.64  0.001861378
8619.536  0.00125411
10000.0  0.0008387627
11601.55  0.0005573231
13459.6  0.0003681877
15615.23  0.0002420051
18116.09  0.0001583587
21017.48  0.0001032194
24383.54  6.704956e-05
28288.69  4.342453e-05
32819.28  2.80508e-05
38075.46  1.807898e-05
44173.45  1.162918e-05
51248.06  7.467647e-06
59455.71  4.788244e-06
68977.85  3.066286e-06
80025.02  1.961404e-06
92841.45  1.253443e-06
107710.5  8.003533e-07
124960.9  5.106782e-07
144974.1  3.25644e-07
168192.4  2.075426e-07
195129.3  1.322117e-07
226380.3  8.418974e-08
262636.4  5.359179e-08
304699.0  3.410427e-08
353498.1  2.169741e-08
410112.7  1.380101e-08
475794.4  8.776688e-09
551995.4  5.580575e-09
640400.4  3.547852e-09
742964.0  2.25527e-09
861953.6  1.43346e-09
1000000.0  9.110308e-10
