0.01  1.510109e-06
0.01160155  1.801984e-06
0.0134596  2.150274e-06
0.01561523  2.565882e-06
0.01811609  3.061818e-06
0.02101748  3.65361e-06
0.02438354  4.359784e-06
0.02828869  5.202448e-06
0.03281928  6.207984e-06
0.03807546  7.40787e-06
0.04417345  8.839672e-06
0.05124806  1.054821e-05
0.05945571  1.258699e-05
0.06897785  1.501981e-05
0.08002502  1.792286e-05
0.09284145  2.138701e-05
0.1077105  2.551788e-05
0.1249609  3.04164e-05
0.1449741  3.621291e-05
0.1681924  4.30642e-05
0.1951293  5.115347e-05
0.2263803  6.069443e-05
0.2626364  7.193648e-05
0.304699  8.517048e-05
0.3534981  0.0001007357
0.4101127  0.0001190278
0.4757944  0.0001405081
0.5519954  0.0001657147
0.6404004  0.0001952752
0.742964  0.0002299216
0.8619536  0.000270508
1.0  0.0003180312
1.160155  0.0003736548
1.34596  0.000438738
1.561523  0.0005148682
1.811609  0.0006039007
2.101748  0.000708005
2.438354  0.0008297183
2.828869  0.0009720095
3.281928  0.001138354
3.807546  0.001332819
4.417345  0.001560166
5.124806  0.001825966
5.945571  0.002136733
6.897785  0.00250007
8.002502  0.002924834
9.284145  0.003421311
10.77105  0.004001383
12.49609  0.004678698
14.49741  0.005468801
16.81924  0.006389189
19.51293  0.007459304
22.63803  0.008700325
26.26364  0.01013478
30.4699  0.01178588
35.34981  0.01367643
41.01127  0.01582746
47.57944  0.01825617
55.19954  0.02097349
64.04004  0.02398106
74.2964  0.0272678
86.19536  0.03080609
100.0  0.03454811
116.0155  0.03842247
134.596  0.04233194
156.1523  0.04615289
181.1609  0.04973727
210.1748  0.052918
243.8354  0.05551811
282.8869  0.05736385
328.1928  0.05830103
380.7546  0.05821303
441.7345  0.05703794
512.4806  0.05478187
594.5571  0.05152529
689.7785  0.04742007
800.2502  0.04267666
928.4145  0.03754277
1077.105  0.03227698
1249.609  0.02712184
1449.741  0.02228132
1681.924  0.0179059
1951.293  0.01408687
2263.803  0.01085943
2626.364  0.008212004
3046.99  0.006099105
3534.981  0.004454655
4101.127  0.0032038
4757.944  0.002271929
5519.954  0.001590618
6404.004  0.001100836
7429.64  0.0007540171
8619.536  0.0005117116
10000.0  0.000344431
11601.55  0.0002301563
13459.6  0.0001528125
15615.23  0.0001008898
18116.09  6.628107e-05
21017.48  4.335647e-05
24383.54  2.825396e-05
28288.69  1.835169e-05
32819.28  1.188581e-05
38075.46  7.678948e-06
44173.45  4.950355e-06
51248.06  3.185353e-06
59455.71  2.046322e-06
68977.85  1.312744e-06
80025.02  8.411195e-07
92841.45  5.383673e-07
107710.5  3.442744e-07
124960.9  2.199833e-07
144974.1  1.404686e-07
168192.4  8.96428e-08
195129.3  5.717829e-08
226380.3  3.645501e-08
262636.4  2.323374e-08
304699.0  1.480268e-08
353498.1  9.428438e-09
410112.7  6.003906e-09
475794.4  3.822411e-09
551995.4  2.433115e-09
640400.4  1.548533e-09
742964.0  9.854166e-10
861953.6  6.270024e-10
1000000.0  3.989102e-10
