0.01  5.080559e-05
0.01160155  6.062868e-05
0.0134596  7.235105e-05
0.01561523  8.633993e-05
0.01811609  0.0001030335
0.02101748  0.0001229547
0.02438354  0.0001467276
0.02828869  0.0001750969
0.03281928  0.0002089514
0.03807546  0.0002493515
0.04417345  0.0002975629
0.05124806  0.0003550957
0.05945571  0.0004237524
0.06897785  0.0005056836
0.08002502  0.0006034559
0.09284145  0.0007201323
0.1077105  0.0008592743
0.1249609  0.001024305
0.1449741  0.001219639
0.1681924  0.001450592
0.1951293  0.001723382
0.2263803  0.002045273
0.2626364  0.002424761
0.304699  0.002871772
0.3534981  0.003397917
0.4101127  0.004016769
0.4757944  0.004744208
0.5519954  0.005598817
0.6404004  0.006602356
0.742964  0.007780321
0.8619536  0.009162603
1.0  0.01078428
1.160155  0.01268656
1.34596  0.01491787
1.561523  0.01753524
1.811609  0.02060579
2.101748  0.02420875
2.438354  0.02843759
2.828869  0.03340275
3.281928  0.03923477
3.807546  0.04608789
4.417345  0.05414433
5.124806  0.06361891
5.945571  0.07476414
6.897785  0.08787527
8.002502  0.103295
9.284145  0.1214163
10.77105  0.1426833
12.49609  0.1675857
14.49741  0.1966478
16.81924  0.2304048
19.51293  0.2693682
22.63803  0.3139732
26.26364  0.3645123
30.4699  0.4210538
35.34981  0.4833547
41.01127  0.5507766
47.57944  0.6222185
55.19954  0.6960829
64.04004  0.7702888
74.2964  0.8423398
86.19536  0.9094504
100.0  0.9687237
116.0155  1.017362
134.596  1.052889
156.1523  1.073359
181.1609  1.077524
210.1748  1.064943
243.8354  1.036022
282.8869  0.9919787
328.1928  0.9347389
380.7546  0.866783
441.7345  0.7909538
512.4806  0.7102505
594.5571  0.6276277
689.7785  0.5458161
800.2502  0.4671798
928.4145  0.3936177
1077.105  0.3265131
1249.609  0.2667297
1449.741  0.2146473
1681.924  0.1702288
1951.293  0.1331051
2263.803  0.1026698
2626.364  0.07816939
3046.99  0.05878449
3534.981  0.04369445
4101.127  0.03212536
4757.944  0.02338075
5519.954  0.01685747
6404.004  0.01204988
7429.64  0.008545871
8619.536  0.006017683
10000.0  0.004210207
11601.55  0.002928626
13459.6  0.00202664
15615.23  0.001396009
18116.09  0.0009576901
21017.48  0.0006546255
24383.54  0.0004460447
28288.69  0.0003030742
32819.28  0.0002054254
38075.46  0.0001389402
44173.45  9.379674e-05
51248.06  6.32177e-05
59455.71  4.254732e-05
68977.85  2.860022e-05
80025.02  1.920439e-05
92841.45  1.288332e-05
107710.5  8.635837e-06
124960.9  5.784661e-06
144974.1  3.872473e-06
168192.4  2.591031e-06
195129.3  1.732846e-06
226380.3  1.158451e-06
262636.4  7.74191e-07
304699.0  5.172406e-07
353498.1  3.454839e-07
410112.7  2.307111e-07
475794.4  1.540379e-07
551995.4  1.028292e-07
640400.4  6.863483e-08
742964.0  4.580575e-08
861953.6  3.056682e-08
1000000.0  2.039582e-08
