0.01  1.068633e-06
0.01160155  1.275968e-06
0.0134596  1.52353e-06
0.01561523  1.819124e-06
0.01811609  2.172067e-06
0.02101748  2.59349e-06
0.02438354  3.096675e-06
0.02828869  3.697488e-06
0.03281928  4.414872e-06
0.03807546  5.27144e-06
0.04417345  6.294199e-06
0.05124806  7.515391e-06
0.05945571  8.973519e-06
0.06897785  1.071455e-05
0.08002502  1.279337e-05
0.09284145  1.527553e-05
0.1077105  1.823729e-05
0.1249609  2.175218e-05
0.1449741  2.591492e-05
0.1681924  3.083954e-05
0.1951293  3.66595e-05
0.2263803  4.353083e-05
0.2626364  5.163604e-05
0.304699  6.118847e-05
0.3534981  7.243774e-05
0.4101127  8.567588e-05
0.4757944  0.0001012446
0.5519954  0.0001195441
0.6404004  0.0001410432
0.742964  0.0001662914
0.8619536  0.0001959338
1.0  0.0002307275
1.160155  0.0002715628
1.34596  0.0003194874
1.561523  0.0003757355
1.811609  0.0004417626
2.101748  0.0005192878
2.438354  0.000610343
2.828869  0.000717333
3.281928  0.0008431054
3.807546  0.0009910324
4.417345  0.001165107
5.124806  0.001370051
5.945571  0.001611429
6.897785  0.001895772
8.002502  0.002230688
9.284145  0.00262494
10.77105  0.003088465
12.49609  0.003632279
14.49741  0.004268213
16.81924  0.00500839
19.51293  0.005864406
22.63803  0.006846093
26.26364  0.007959923
30.4699  0.009207045
35.34981  0.01058119
41.01127  0.01206663
47.57944  0.01363664
55.19954  0.01525276
64.04004  0.01686533
74.2964  0.01841543
86.19536  0.01983828
100.0  0.02106782
116.0155  0.02204204
134.596  0.02270837
156.1523  0.0230284
181.1609  0.02298142
210.1748  0.02256623
243.8354  0.02180113
282.8869  0.02072204
328.1928  0.01937919
380.7546  0.01783286
441.7345  0.01614848
512.4806  0.01439199
594.5571  0.0126255
689.7785  0.01090395
800.2502  0.009272665
928.4145  0.007766043
1077.105  0.006407277
1249.609  0.00520891
1449.741  0.004174082
1681.924  0.003298229
1951.293  0.002570952
2263.803  0.001977943
2626.364  0.001502719
3046.99  0.001128097
3534.981  0.0008373338
4101.127  0.0006149357
4757.944  0.0004471424
5519.954  0.000322151
6404.004  0.0002301358
7429.64  0.0001631287
8619.536  0.0001148154
10000.0  8.029431e-05
11601.55  5.582911e-05
13459.6  3.861779e-05
15615.23  2.65893e-05
18116.09  1.823236e-05
21017.48  1.245658e-05
24383.54  8.483209e-06
28288.69  5.760953e-06
32819.28  3.90257e-06
38075.46  2.637932e-06
44173.45  1.77972e-06
51248.06  1.198727e-06
59455.71  8.062359e-07
68977.85  5.415753e-07
80025.02  3.633973e-07
92841.45  2.436091e-07
107710.5  1.631731e-07
124960.9  1.092182e-07
144974.1  7.305901e-08
168192.4  4.88452e-08
195129.3  3.264145e-08
226380.3  2.180439e-08
262636.4  1.456024e-08
304699.0  9.719959e-09
353498.1  6.487077e-09
410112.7  4.328498e-09
475794.4  2.887635e-09
551995.4  1.926086e-09
640400.4  1.284538e-09
742964.0  8.565735e-10
861953.6  5.711317e-10
1000000.0  3.807744e-10
