0.01  1.116372e-07
0.01160155  1.335605e-07
0.0134596  1.597891e-07
0.01561523  1.911685e-07
0.01811609  2.287102e-07
0.02101748  2.736243e-07
0.02438354  3.273586e-07
0.02828869  3.916453e-07
0.03281928  4.685567e-07
0.03807546  5.605719e-07
0.04417345  6.70657e-07
0.05124806  8.023607e-07
0.05945571  9.599283e-07
0.06897785  1.148439e-06
0.08002502  1.373969e-06
0.09284145  1.64379e-06
0.1077105  1.966381e-06
0.1249609  2.34996e-06
0.1449741  2.80508e-06
0.1681924  3.344442e-06
0.1951293  3.982906e-06
0.2263803  4.737842e-06
0.2626364  5.629551e-06
0.304699  6.681738e-06
0.3534981  7.9221e-06
0.4101127  9.38298e-06
0.4757944  1.110214e-05
0.5519954  1.312369e-05
0.6404004  1.549915e-05
0.742964  1.828869e-05
0.8619536  2.156267e-05
1.0  2.54033e-05
1.160155  2.990678e-05
1.34596  3.518569e-05
1.561523  4.137185e-05
1.811609  4.86197e-05
2.101748  5.711041e-05
2.438354  6.705654e-05
2.828869  7.870776e-05
3.281928  9.235751e-05
3.807546  0.0001083509
4.417345  0.000127094
5.124806  0.0001490647
5.945571  0.0001748258
6.897785  0.0002050385
8.002502  0.0002404799
9.284145  0.0002820596
10.77105  0.0003308389
12.49609  0.0003880477
14.49741  0.0004550998
16.81924  0.0005335997
19.51293  0.0006253403
22.63803  0.000732279
26.26364  0.0008564897
30.4699  0.001000077
35.34981  0.001165047
41.01127  0.001353125
47.57944  0.001565523
55.19954  0.001802645
64.04004  0.00206377
74.2964  0.002346715
86.19536  0.002647518
100.0  0.002960202
116.0155  0.003276652
134.596  0.003586679
156.1523  0.003878295
181.1609  0.004138259
210.1748  0.004352869
243.8354  0.004508983
282.8869  0.004595194
328.1928  0.004603034
380.7546  0.00452806
441.7345  0.004370643
512.4806  0.004136315
594.5571  0.003835551
689.7785  0.003482957
800.2502  0.003095954
928.4145  0.002693112
1077.105  0.002292398
1249.609  0.001909602
1449.741  0.001557167
1681.924  0.001243569
1951.293  0.0009732478
2263.803  0.0007470338
2626.364  0.0005628879
3046.99  0.0004167896
3534.981  0.0003036031
4101.127  0.0002178173
4757.944  0.0001540947
5519.954  0.0001076225
6404.004  7.429159e-05
7429.64  5.074351e-05
8619.536  3.433092e-05
10000.0  2.30296e-05
11601.55  1.533152e-05
13459.6  1.013797e-05
15615.23  6.663799e-06
18116.09  4.357174e-06
21017.48  2.835797e-06
24383.54  1.838147e-06
28288.69  1.187245e-06
32819.28  7.644528e-07
38075.46  4.908901e-07
44173.45  3.1448e-07
51248.06  2.010532e-07
59455.71  1.283083e-07
68977.85  8.175752e-08
80025.02  5.202575e-08
92841.45  3.306777e-08
107710.5  2.099689e-08
124960.9  1.332072e-08
144974.1  8.44449e-09
168192.4  5.349805e-09
195129.3  3.387335e-09
226380.3  2.143719e-09
262636.4  1.356111e-09
304699.0  8.575631e-10
353498.1  5.421279e-10
410112.7  3.426259e-10
475794.4  2.1649e-10
551995.4  1.36763e-10
640400.4  8.638217e-11
742964.0  5.455251e-11
861953.6  3.444686e-11
1000000.0  2.174885e-11
