0.01  3.26088e-08
0.01160155  3.897006e-08
0.0134596  4.657228e-08
0.01561523  5.565754e-08
0.01811609  6.651512e-08
0.02101748  7.949079e-08
0.02438354  9.499772e-08
0.02828869  1.135297e-07
0.03281928  1.356769e-07
0.03807546  1.621446e-07
0.04417345  1.937755e-07
0.05124806  2.315769e-07
0.05945571  2.767526e-07
0.06897785  3.30741e-07
0.08002502  3.952614e-07
0.09284145  4.723684e-07
0.1077105  5.644564e-07
0.1249609  6.738458e-07
0.1449741  8.03521e-07
0.1681924  9.570746e-07
0.1951293  1.138715e-06
0.2263803  1.353367e-06
0.2626364  1.606796e-06
0.304699  1.905747e-06
0.3534981  2.258119e-06
0.4101127  2.673164e-06
0.4757944  3.161718e-06
0.5519954  3.736485e-06
0.6404004  4.412369e-06
0.742964  5.206867e-06
0.8619536  6.140537e-06
1.0  7.237568e-06
1.160155  8.526445e-06
1.34596  1.004076e-05
1.561523  1.18202e-05
1.811609  1.391166e-05
2.101748  1.637071e-05
2.438354  1.926326e-05
2.828869  2.266757e-05
3.281928  2.66767e-05
3.807546  3.140137e-05
4.417345  3.697329e-05
5.124806  4.354903e-05
5.945571  5.131425e-05
6.897785  6.048814e-05
8.002502  7.132764e-05
9.284145  8.413068e-05
10.77105  9.923712e-05
12.49609  0.0001170257
14.49741  0.0001379044
16.81924  0.0001622907
19.51293  0.0001905805
22.63803  0.0002230993
26.26364  0.0002600398
30.4699  0.000301385
35.34981  0.0003468259
41.01127  0.0003956867
47.57944  0.0004468715
55.19954  0.0004988535
64.04004  0.000549718
74.2964  0.0005972678
86.19536  0.0006391847
100.0  0.0006732326
116.0155  0.0006974718
134.596  0.0007104554
156.1523  0.000711376
181.1609  0.0007001425
210.1748  0.0006773763
243.8354  0.0006443319
282.8869  0.000602758
328.1928  0.0005547227
380.7546  0.0005024278
441.7345  0.0004480356
512.4806  0.0003935264
594.5571  0.0003405948
689.7785  0.0002905906
800.2502  0.0002444971
928.4145  0.0002029443
1077.105  0.0001662441
1249.609  0.0001344413
1449.741  0.0001073704
1681.924  8.471371e-05
1951.293  6.605361e-05
2263.803  5.091901e-05
2626.364  3.882248e-05
3046.99  2.928882e-05
3534.981  2.187487e-05
4101.127  1.618227e-05
4757.944  1.186377e-05
5519.954  8.624703e-06
6404.004  6.221002e-06
7429.64  4.454823e-06
8619.536  3.16893e-06
10000.0  2.240579e-06
11601.55  1.575501e-06
13459.6  1.102354e-06
15615.23  7.678723e-07
18116.09  5.327568e-07
21017.48  3.683251e-07
24383.54  2.538465e-07
28288.69  1.744647e-07
32819.28  1.196145e-07
38075.46  8.183328e-08
44173.45  5.588051e-08
51248.06  3.809588e-08
59455.71  2.593424e-08
68977.85  1.763304e-08
80025.02  1.197593e-08
92841.45  8.12609e-09
107710.5  5.509324e-09
124960.9  3.732558e-09
144974.1  2.527244e-09
168192.4  1.710241e-09
195129.3  1.156823e-09
226380.3  7.821734e-10
262636.4  5.286755e-10
304699.0  3.572288e-10
353498.1  2.413193e-10
410112.7  1.629825e-10
475794.4  1.100542e-10
551995.4  7.430197e-11
640400.4  5.015703e-11
742964.0  3.385396e-11
861953.6  2.284761e-11
1000000.0  1.541814e-11
