0.01  0.0
0.01160155  0.0
0.0134596  0.0
0.01561523  0.0
0.01811609  0.0
0.02101748  0.0
0.02438354  0.0
0.02828869  0.0
0.03281928  0.0
0.03807546  0.0
0.04417345  0.0
0.05124806  0.0
0.05945571  0.0
0.06897785  0.0
0.08002502  0.0
0.09284145  0.0
0.1077105  0.0
0.1249609  0.0
0.1449741  0.0
0.1681924  0.0
0.1951293  0.0
0.2263803  0.0
0.2626364  0.0
0.304699  0.0
0.3534981  0.0
0.4101127  0.0
0.4757944  0.0
0.5519954  0.0
0.6404004  0.0
0.742964  0.0
0.8619536  0.0
1.0  0.0
1.160155  0.0
1.34596  0.0
1.561523  0.0
1.811609  0.0
2.101748  0.0
2.438354  0.0
2.828869  0.0
3.281928  0.0
3.807546  0.0
4.417345  0.0
5.124806  0.0
5.945571  0.0
6.897785  0.0
8.002502  0.0
9.284145  0.0
10.77105  0.0
12.49609  0.0
14.49741  0.0
16.81924  0.0
19.51293  0.0
22.63803  0.0
26.26364  0.0
30.4699  0.0
35.34981  0.0
41.01127  0.0
47.57944  0.0
55.19954  0.0
64.04004  0.0
74.2964  0.0
86.19536  0.0
100.0  0.0
116.0155  0.0
134.596  0.0
156.1523  0.0
181.1609  0.0
210.1748  0.0
243.8354  0.0
282.8869  0.0
328.1928  0.0
380.7546  0.0
441.7345  0.0
512.4806  0.0
594.5571  0.0
689.7785  0.0
800.2502  0.0
928.4145  0.0
1077.105  0.0
1249.609  0.0
1449.741  0.0
1681.924  0.0
1951.293  0.0
2263.803  0.0
2626.364  0.0
3046.99  0.0
3534.981  0.0
4101.127  0.0
4757.944  0.0
5519.954  0.0
6404.004  0.0
7429.64  0.0
8619.536  0.0
10000.0  0.0
11601.55  0.0
13459.6  0.0
15615.23  0.0
18116.09  0.0
21017.48  0.0
24383.54  0.0
28288.69  0.0
32819.28  0.0
38075.46  0.0
44173.45  0.0
51248.06  0.0
59455.71  0.0
68977.85  0.0
80025.02  0.0
92841.45  0.0
107710.5  0.0
124960.9  0.0
144974.1  0.0
168192.4  0.0
195129.3  0.0
226380.3  0.0
262636.4  0.0
304699.0  0.0
353498.1  0.0
410112.7  0.0
475794.4  0.0
551995.4  0.0
640400.4  0.0
742964.0  0.0
861953.6  0.0
1000000.0  0.0
