0.01  6.639608e-07
0.01160155  7.930959e-07
0.0134596  9.473472e-07
0.01561523  1.1316e-06
0.01811609  1.351687e-06
0.02101748  1.61458e-06
0.02438354  1.928604e-06
0.02828869  2.303703e-06
0.03281928  2.751757e-06
0.03807546  3.286953e-06
0.04417345  3.926241e-06
0.05124806  4.689866e-06
0.05945571  5.60201e-06
0.06897785  6.691558e-06
0.08002502  7.993017e-06
0.09284145  9.547599e-06
0.1077105  1.140329e-05
0.1249609  1.360636e-05
0.1449741  1.62164e-05
0.1681924  1.930511e-05
0.1951293  2.295644e-05
0.2263803  2.726847e-05
0.2626364  3.235591e-05
0.304699  3.835279e-05
0.3534981  4.541585e-05
0.4101127  5.372834e-05
0.4757944  6.350455e-05
0.5519954  7.49952e-05
0.6404004  8.849375e-05
0.742964  0.0001043439
0.8619536  0.0001229483
1.0  0.0001447794
1.160155  0.0001703915
1.34596  0.0002004359
1.561523  0.0002356788
1.811609  0.0002770215
2.101748  0.000325527
2.438354  0.0003824485
2.828869  0.0004492662
3.281928  0.0005277295
3.807546  0.0006199058
4.417345  0.0007282395
5.124806  0.0008556177
5.945571  0.001005444
6.897785  0.001181719
8.002502  0.001389116
9.284145  0.001633053
10.77105  0.001919737
12.49609  0.002256159
14.49741  0.002650012
16.81924  0.003109479
19.51293  0.003642868
22.63803  0.004258015
26.26364  0.004961449
30.4699  0.005757307
35.34981  0.006646045
41.01127  0.007623045
47.57944  0.008677289
55.19954  0.00979033
64.04004  0.01093579
74.2964  0.01207962
86.19536  0.01318125
100.0  0.01419573
116.0155  0.01507657
134.596  0.01577929
156.1523  0.01626503
181.1609  0.01650402
210.1748  0.01647833
243.8354  0.01618369
282.8869  0.01563006
328.1928  0.01484092
380.7546  0.01385145
441.7345  0.01270567
512.4806  0.01145294
594.5571  0.01014427
689.7785  0.008828701
800.2502  0.007550164
928.4145  0.006345102
1077.105  0.005240999
1249.609  0.004255877
1449.741  0.003398653
1681.924  0.002670244
1951.293  0.002065105
2263.803  0.001573039
2626.364  0.001180959
3046.99  0.0008744811
3534.981  0.0006391915
4101.127  0.0004615707
4757.944  0.0003295677
5519.954  0.0002328769
6404.004  0.0001629887
7429.64  0.0001130846
8619.536  7.784271e-05
10000.0  5.320318e-05
11601.55  3.613099e-05
13459.6  2.439722e-05
15615.23  1.639051e-05
18116.09  1.096195e-05
21017.48  7.302196e-06
24383.54  4.84726e-06
28288.69  3.207755e-06
32819.28  2.11706e-06
38075.46  1.393927e-06
44173.45  9.15907e-07
51248.06  6.00735e-07
59455.71  3.934011e-07
68977.85  2.572755e-07
80025.02  1.68054e-07
92841.45  1.096617e-07
107710.5  7.149511e-08
124960.9  4.657622e-08
144974.1  3.032237e-08
168192.4  1.972938e-08
195129.3  1.283061e-08
226380.3  8.340551e-09
262636.4  5.419768e-09
304699.0  3.520692e-09
353498.1  2.286417e-09
410112.7  1.484495e-09
475794.4  9.636357e-10
551995.4  6.254169e-10
640400.4  4.058445e-10
742964.0  2.63325e-10
861953.6  1.708342e-10
1000000.0  1.108191e-10
