0.01  5.650463e-07
0.01160155  6.747237e-07
0.0134596  8.0569e-07
0.01561523  9.620775e-07
0.01811609  1.14882e-06
0.02101748  1.37181e-06
0.02438354  1.638084e-06
0.02828869  1.956041e-06
0.03281928  2.335716e-06
0.03807546  2.789087e-06
0.04417345  3.330459e-06
0.05124806  3.976913e-06
0.05945571  4.748846e-06
0.06897785  5.670614e-06
0.08002502  6.771301e-06
0.09284145  8.085634e-06
0.1077105  9.654023e-06
0.1249609  1.151528e-05
0.1449741  1.371945e-05
0.1681924  1.632675e-05
0.1951293  1.940758e-05
0.2263803  2.30442e-05
0.2626364  2.733266e-05
0.304699  3.238512e-05
0.3534981  3.833257e-05
0.4101127  4.532798e-05
0.4757944  5.354998e-05
0.5519954  6.320727e-05
0.6404004  7.454367e-05
0.742964  8.78442e-05
0.8619536  0.0001034421
1.0  0.0001217274
1.160155  0.0001431565
1.34596  0.0001682641
1.561523  0.0001976772
1.811609  0.0002321308
2.101748  0.0002724882
2.438354  0.0003197634
2.828869  0.0003751485
3.281928  0.0004400457
3.807546  0.0005161046
4.417345  0.0006052663
5.124806  0.0007098127
5.945571  0.0008324239
6.897785  0.0009762393
8.002502  0.001144923
9.284145  0.001342727
10.77105  0.001574545
12.49609  0.001845946
14.49741  0.002163169
16.81924  0.002533057
19.51293  0.002962904
22.63803  0.003460178
26.26364  0.004032094
30.4699  0.004685013
35.34981  0.00542366
41.01127  0.006250174
47.57944  0.007163034
55.19954  0.008155958
64.04004  0.009216881
74.2964  0.01032718
86.19536  0.01146124
100.0  0.01258668
116.0155  0.0136651
134.596  0.01465366
156.1523  0.01550737
181.1609  0.01618197
210.1748  0.01663726
243.8354  0.01684067
282.8869  0.01677046
328.1928  0.01641849
380.7546  0.0157919
441.7345  0.01491346
512.4806  0.01382041
594.5571  0.01256178
689.7785  0.01119435
800.2502  0.009777872
928.4145  0.008369989
1077.105  0.007021691
1249.609  0.005773834
1449.741  0.004655127
1681.924  0.003681731
1951.293  0.002858232
2263.803  0.002179709
2626.364  0.001634312
3046.99  0.001205941
3534.981  0.0008766351
4101.127  0.0006284606
4757.944  0.0004448111
5519.954  0.000311158
6404.004  0.0002153541
7429.64  0.0001476164
8619.536  0.0001003103
10000.0  6.763646e-05
11601.55  4.529048e-05
13459.6  3.014122e-05
15615.23  1.995036e-05
18116.09  1.314185e-05
21017.48  8.620427e-06
24383.54  5.633697e-06
28288.69  3.669873e-06
32819.28  2.383851e-06
38075.46  1.54467e-06
44173.45  9.987549e-07
51248.06  6.445713e-07
59455.71  4.153156e-07
68977.85  2.672232e-07
80025.02  1.717276e-07
92841.45  1.10242e-07
107710.5  7.070602e-08
124960.9  4.531293e-08
144974.1  2.901951e-08
168192.4  1.857386e-08
195129.3  1.188206e-08
226380.3  7.597825e-09
262636.4  4.856473e-09
304699.0  3.103204e-09
353498.1  1.982332e-09
410112.7  1.266006e-09
475794.4  8.083575e-10
551995.4  5.1605e-10
640400.4  3.29391e-10
742964.0  2.102193e-10
861953.6  1.341475e-10
1000000.0  8.559503e-11
