0.01  5.745106e-06
0.01160155  6.862751e-06
0.0134596  8.197824e-06
0.01561523  9.792623e-06
0.01811609  1.169767e-05
0.02101748  1.397332e-05
0.02438354  1.669168e-05
0.02828869  1.993886e-05
0.03281928  2.381775e-05
0.03807546  2.845123e-05
0.04417345  3.398611e-05
0.05124806  4.059774e-05
0.05945571  4.849558e-05
0.06897785  5.792986e-05
0.08002502  6.919948e-05
0.09284145  8.266148e-05
0.1077105  9.873171e-05
0.1249609  0.0001178122
0.1449741  0.0001404205
0.1681924  0.0001671797
0.1951293  0.0001988193
0.2263803  0.000236193
0.2626364  0.0002802994
0.304699  0.0003323073
0.3534981  0.0003935844
0.4101127  0.0004657325
0.4757944  0.0005506274
0.5519954  0.0006504674
0.6404004  0.0007678308
0.742964  0.0009057436
0.8619536  0.00106776
1.0  0.001258061
1.160155  0.001481567
1.34596  0.001744079
1.561523  0.002052444
1.811609  0.002414753
2.101748  0.002840585
2.438354  0.003341287
2.828869  0.003930326
3.281928  0.004623696
3.807546  0.005440395
4.417345  0.006402992
5.124806  0.007538258
5.945571  0.008877862
6.897785  0.01045908
8.002502  0.01232545
9.284145  0.01452723
10.77105  0.01712144
12.49609  0.0201712
14.49741  0.02374392
16.81924  0.02790787
19.51293  0.03272672
22.63803  0.03825154
26.26364  0.04451041
30.4699  0.0514961
35.34981  0.0591531
41.01127  0.06736604
47.57944  0.0759519
55.19954  0.0846589
64.04004  0.09317401
74.2964  0.10114
86.19536  0.1081808
100.0  0.1139339
116.0155  0.1180833
134.596  0.1203902
156.1523  0.1207169
181.1609  0.1190385
210.1748  0.1154441
243.8354  0.1101251
282.8869  0.1033546
328.1928  0.09546106
380.7546  0.08679941
441.7345  0.07772346
512.4806  0.06856267
594.5571  0.05960452
689.7785  0.05108338
800.2502  0.04317554
928.4145  0.03599969
1077.105  0.02962133
1249.609  0.02406007
1449.741  0.01929833
1681.924  0.01529057
1951.293  0.01197203
2263.803  0.009266698
2626.364  0.007093849
3046.99  0.00537332
3534.981  0.004029273
4101.127  0.002992734
4757.944  0.002202999
5519.954  0.001608132
6404.004  0.001164802
7429.64  0.0008376624
8619.536  0.0005984584
10000.0  0.0004250123
11601.55  0.0003002048
13459.6  0.0002110159
15615.23  0.0001476774
18116.09  0.0001029483
21017.48  7.151862e-05
24383.54  4.953204e-05
28288.69  3.42119e-05
32819.28  2.357398e-05
38075.46  1.620991e-05
44173.45  1.112584e-05
51248.06  7.624128e-06
59455.71  5.217246e-06
68977.85  3.565863e-06
80025.02  2.434606e-06
92841.45  1.66071e-06
107710.5  1.131913e-06
124960.9  7.709602e-07
144974.1  5.247961e-07
168192.4  3.570467e-07
195129.3  2.428087e-07
226380.3  1.650574e-07
262636.4  1.121656e-07
304699.0  7.620078e-08
353498.1  5.175478e-08
410112.7  3.51437e-08
475794.4  2.385962e-08
551995.4  1.619607e-08
640400.4  1.099247e-08
742964.0  7.459824e-09
861953.6  5.061939e-09
1000000.0  3.434519e-09
