0.01  2.25948e-07
0.01160155  2.700543e-07
0.0134596  3.227705e-07
0.01561523  3.857774e-07
0.01811609  4.610835e-07
0.02101748  5.510899e-07
0.02438354  6.58666e-07
0.02828869  7.872415e-07
0.03281928  9.40916e-07
0.03807546  1.124589e-06
0.04417345  1.344115e-06
0.05124806  1.606495e-06
0.05945571  1.920092e-06
0.06897785  2.294906e-06
0.08002502  2.742885e-06
0.09284145  3.278313e-06
0.1077105  3.91783e-06
0.1249609  4.677481e-06
0.1449741  5.577925e-06
0.1681924  6.644013e-06
0.1951293  7.904822e-06
0.2263803  9.394323e-06
0.2626364  1.115221e-05
0.304699  1.322483e-05
0.3534981  1.566634e-05
0.4101127  1.853998e-05
0.4757944  2.191961e-05
0.5519954  2.589152e-05
0.6404004  3.055652e-05
0.742964  3.603245e-05
0.8619536  4.24571e-05
1.0  4.999167e-05
1.160155  5.882484e-05
1.34596  6.917764e-05
1.561523  8.13091e-05
1.811609  9.552302e-05
2.101748  0.0001121761
2.438354  0.0001316873
2.828869  0.0001545493
3.281928  0.0001813417
3.807546  0.0002127467
4.417345  0.0002495676
5.124806  0.0002927503
5.945571  0.0003434073
6.897785  0.0004028457
8.002502  0.0004725965
9.284145  0.0005544452
10.77105  0.0006504615
12.49609  0.0007630218
14.49741  0.0008948211
16.81924  0.001048861
19.51293  0.001228409
22.63803  0.001436907
26.26364  0.001677814
30.4699  0.001954379
35.34981  0.002269322
41.01127  0.002624423
47.57944  0.003020043
55.19954  0.003454593
64.04004  0.003924001
74.2964  0.004421259
86.19536  0.004936096
100.0  0.005454899
116.0155  0.005960913
134.596  0.006434816
156.1523  0.006855646
181.1609  0.007202093
210.1748  0.007454066
243.8354  0.007594407
282.8869  0.007610585
328.1928  0.007496172
380.7546  0.007251881
441.7345  0.00688599
512.4806  0.00641401
594.5571  0.005857581
689.7785  0.005242681
800.2502  0.004597339
928.4145  0.00394919
1077.105  0.003323173
1249.609  0.002739716
1449.741  0.002213608
1681.924  0.001753655
1951.293  0.001363032
2263.803  0.001040202
2626.364  0.0007801169
3046.99  0.0005755136
3534.981  0.0004180784
4101.127  0.00029939
4757.944  0.00021158
5519.954  0.0001477231
6404.004  0.0001020066
7429.64  6.973769e-05
8619.536  4.724956e-05
10000.0  3.175594e-05
11601.55  2.118981e-05
13459.6  1.404921e-05
15615.23  9.26228e-06
18116.09  6.075963e-06
21017.48  3.96829e-06
24383.54  2.581766e-06
28288.69  1.674031e-06
32819.28  1.082252e-06
38075.46  6.978719e-07
44173.45  4.490029e-07
51248.06  2.883208e-07
59455.71  1.848278e-07
68977.85  1.183097e-07
80025.02  7.563444e-08
92841.45  4.829916e-08
107710.5  3.081374e-08
124960.9  1.96422e-08
144974.1  1.251194e-08
168192.4  7.965114e-09
195129.3  5.067884e-09
226380.3  3.223004e-09
262636.4  2.048904e-09
304699.0  1.302068e-09
353498.1  8.272118e-10
410112.7  5.253979e-10
475794.4  3.336292e-10
551995.4  2.118151e-10
640400.4  1.344554e-10
742964.0  8.533708e-11
861953.6  5.415571e-11
1000000.0  3.436408e-11
