0.01  3.488182e-06
0.01160155  4.161665e-06
0.0134596  4.965184e-06
0.01561523  5.923844e-06
0.01811609  7.067596e-06
0.02101748  8.432181e-06
0.02438354  1.006023e-05
0.02828869  1.200262e-05
0.03281928  1.432005e-05
0.03807546  1.708491e-05
0.04417345  2.03836e-05
0.05124806  2.431918e-05
0.05945571  2.901464e-05
0.06897785  3.461667e-05
0.08002502  4.130032e-05
0.09284145  4.927443e-05
0.1077105  5.878164e-05
0.1249609  7.005366e-05
0.1449741  8.338987e-05
0.1681924  9.915038e-05
0.1951293  0.0001177559
0.2263803  0.0001396973
0.2626364  0.0001655474
0.304699  0.000195974
0.3534981  0.0002317564
0.4101127  0.0002738033
0.4757944  0.0003231745
0.5519954  0.000381106
0.6404004  0.0004490393
0.742964  0.0005286565
0.8619536  0.0006219202
1.0  0.0007311211
1.160155  0.0008589337
1.34596  0.001008483
1.561523  0.001183418
1.811609  0.001388007
2.101748  0.00162724
2.438354  0.001906955
2.828869  0.002233983
3.281928  0.002616325
3.807546  0.003063345
4.417345  0.003586004
5.124806  0.004197131
5.945571  0.004911722
6.897785  0.005747275
8.002502  0.006724168
9.284145  0.007866033
10.77105  0.009200148
12.49609  0.01075777
14.49741  0.01257443
16.81924  0.01468993
19.51293  0.01714832
22.63803  0.01999725
26.26364  0.02328694
30.4699  0.02706844
35.34981  0.03139108
41.01127  0.03629888
47.57944  0.04182585
55.19954  0.04799019
64.04004  0.05478736
74.2964  0.06218235
86.19536  0.07010136
100.0  0.07842411
116.0155  0.08697714
134.596  0.09553
156.1523  0.1037956
181.1609  0.1114369
210.1748  0.1180803
243.8354  0.1233386
282.8869  0.1268412
328.1928  0.1282709
380.7546  0.1274025
441.7345  0.1241391
512.4806  0.1185371
594.5571  0.1108157
689.7785  0.1013448
800.2502  0.09061229
928.4145  0.07917418
1077.105  0.06759543
1249.609  0.05639248
1449.741  0.04598689
1681.924  0.03667729
1951.293  0.02863147
2263.803  0.02189714
2626.364  0.01642508
3046.99  0.01209852
3534.981  0.008762368
4101.127  0.006248149
4757.944  0.004392383
5519.954  0.003048146
6404.004  0.002090769
7429.64  0.001419158
8619.536  0.000954328
10000.0  0.0006364411
11601.55  0.000421334
13459.6  0.0002771266
15615.23  0.0001812395
18116.09  0.0001179386
21017.48  7.641141e-05
24383.54  4.931749e-05
28288.69  3.172466e-05
32819.28  2.034855e-05
38075.46  1.301895e-05
44173.45  8.31128e-06
51248.06  5.295853e-06
59455.71  3.368912e-06
68977.85  2.140056e-06
80025.02  1.357767e-06
92841.45  8.605225e-07
107710.5  5.448778e-07
124960.9  3.447389e-07
144974.1  2.179627e-07
168192.4  1.377263e-07
195129.3  8.698181e-08
226380.3  5.490952e-08
262636.4  3.464977e-08
304699.0  2.185801e-08
353498.1  1.37847e-08
410112.7  8.691152e-09
475794.4  5.478548e-09
551995.4  3.452823e-09
640400.4  2.175778e-09
742964.0  1.370869e-09
861953.6  8.636273e-10
1000000.0  5.440174e-10
