0.01  1.07869e-05
0.01160155  1.287017e-05
0.0134596  1.53558e-05
0.01561523  1.832149e-05
0.01811609  2.185993e-05
0.02101748  2.608175e-05
0.02438354  3.111894e-05
0.02828869  3.712896e-05
0.03281928  4.429972e-05
0.03807546  5.285536e-05
0.04417345  6.306336e-05
0.05124806  7.524284e-05
0.05945571  8.977455e-05
0.06897785  0.0001071128
0.08002502  0.0001277995
0.09284145  0.0001524816
0.1077105  0.0001819107
0.1249609  0.0002168095
0.1449741  0.0002581102
0.1681924  0.0003069346
0.1951293  0.0003645956
0.2263803  0.0004326273
0.2626364  0.0005128238
0.304699  0.0006072816
0.3534981  0.0007184531
0.4101127  0.0008492065
0.4757944  0.001002898
0.5519954  0.001183456
0.6404004  0.001395482
0.742964  0.001644371
0.8619536  0.001936448
1.0  0.002279143
1.160155  0.002681183
1.34596  0.003152839
1.561523  0.003706201
1.811609  0.004355522
2.101748  0.005117626
2.438354  0.006012379
2.828869  0.007063269
3.281928  0.008298074
3.807546  0.009749634
4.417345  0.01145675
5.124806  0.01346517
5.945571  0.01582864
6.897785  0.01860992
8.002502  0.02188172
9.284145  0.02572714
10.77105  0.03023956
12.49609  0.03552124
14.49741  0.04168031
16.81924  0.04882524
19.51293  0.05705661
22.63803  0.06645527
26.26364  0.07706747
30.4699  0.08888738
35.34981  0.1018389
41.01127  0.1157592
47.57944  0.1303867
55.19954  0.1453572
64.04004  0.1602113
74.2964  0.1744128
86.19536  0.1873798
100.0  0.1985252
116.0155  0.2073018
134.596  0.2132478
156.1523  0.2160271
181.1609  0.2154584
210.1748  0.2115307
243.8354  0.204404
282.8869  0.1943941
328.1928  0.1819461
380.7546  0.1675978
441.7345  0.151939
512.4806  0.1355701
594.5571  0.1190636
689.7785  0.1029325
800.2502  0.08760618
928.4145  0.07341647
1077.105  0.06059208
1249.609  0.0492621
1449.741  0.03946584
1681.924  0.0311679
1951.293  0.02427535
2263.803  0.01865603
2626.364  0.01415531
3046.99  0.01061064
3534.981  0.007862873
4101.127  0.005764329
4757.944  0.004183745
5519.954  0.003008543
6404.004  0.002145097
7429.64  0.001517598
8619.536  0.001066095
10000.0  0.0007441505
11601.55  0.0005164546
13459.6  0.0003565924
15615.23  0.0002450892
18116.09  0.0001677693
21017.48  0.0001144302
24383.54  7.780247e-05
28288.69  5.275177e-05
32819.28  3.56796e-05
38075.46  2.408104e-05
44173.45  1.622257e-05
51248.06  1.091083e-05
59455.71  7.327922e-06
68977.85  4.915515e-06
80025.02  3.293765e-06
92841.45  2.205024e-06
107710.5  1.474975e-06
124960.9  9.859473e-07
144974.1  6.586585e-07
168192.4  4.397858e-07
195129.3  2.93512e-07
226380.3  1.958128e-07
262636.4  1.305899e-07
304699.0  8.706673e-08
353498.1  5.803447e-08
410112.7  3.867456e-08
475794.4  2.576816e-08
551995.4  1.716609e-08
640400.4  1.143401e-08
742964.0  7.615061e-09
861953.6  5.071111e-09
1000000.0  3.376708e-09
