0.01  5.036377e-07
0.01160155  6.005754e-07
0.0134596  7.161714e-07
0.01561523  8.540171e-07
0.01811609  1.018394e-06
0.02101748  1.21441e-06
0.02438354  1.448154e-06
0.02828869  1.726888e-06
0.03281928  2.059272e-06
0.03807546  2.455632e-06
0.04417345  2.928281e-06
0.05124806  3.491903e-06
0.05945571  4.164008e-06
0.06897785  4.965477e-06
0.08002502  5.921209e-06
0.09284145  7.060896e-06
0.1077105  8.419031e-06
0.1249609  1.002865e-05
0.1449741  1.193243e-05
0.1681924  1.418174e-05
0.1951293  1.683662e-05
0.2263803  1.996724e-05
0.2626364  2.365557e-05
0.304699  2.799738e-05
0.3534981  3.310458e-05
0.4101127  3.910801e-05
0.4757944  4.616063e-05
0.5519954  5.444134e-05
0.6404004  6.415952e-05
0.742964  7.556034e-05
0.8619536  8.893104e-05
1.0  0.0001046085
1.160155  0.0001229879
1.34596  0.0001445336
1.561523  0.0001697914
1.811609  0.0001994035
2.101748  0.0002341262
2.438354  0.0002748508
2.828869  0.0003226283
3.281928  0.0003786984
3.807546  0.0004445226
4.417345  0.0005218225
5.124806  0.0006126211
5.945571  0.0007192881
6.897785  0.0008445825
8.002502  0.0009916914
9.284145  0.001164252
10.77105  0.001366346
12.49609  0.001602455
14.49741  0.001877338
16.81924  0.002195829
19.51293  0.002562521
22.63803  0.00298131
26.26364  0.003454826
30.4699  0.003983742
35.34981  0.004566041
41.01127  0.005196304
47.57944  0.005865135
55.19954  0.006558833
64.04004  0.007259437
74.2964  0.007945199
86.19536  0.008591523
100.0  0.009172343
116.0155  0.009661809
134.596  0.01003615
156.1523  0.01027551
181.1609  0.01036558
210.1748  0.01029883
243.8354  0.01007525
282.8869  0.009702434
328.1928  0.009195144
380.7546  0.008574241
441.7345  0.007865189
512.4806  0.007096252
594.5571  0.006296528
689.7785  0.005494041
800.2502  0.004714034
928.4145  0.003977644
1077.105  0.003301023
1249.609  0.002694989
1449.741  0.002165153
1681.924  0.001712475
1951.293  0.001334086
2263.803  0.001024301
2626.364  0.0007756203
3046.99  0.000579657
3534.981  0.0004278954
4101.127  0.000312254
4757.944  0.0002254498
5519.954  0.0001611877
6404.004  0.0001142138
7429.64  8.027189e-05
8619.536  5.600241e-05
10000.0  3.881236e-05
11601.55  2.673963e-05
13459.6  1.832494e-05
15615.23  1.249938e-05
18116.09  8.490434e-06
21017.48  5.746171e-06
24383.54  3.876386e-06
28288.69  2.607637e-06
32819.28  1.749812e-06
38075.46  1.171646e-06
44173.45  7.830371e-07
51248.06  5.224623e-07
59455.71  3.481025e-07
68977.85  2.316438e-07
80025.02  1.539808e-07
92841.45  1.022603e-07
107710.5  6.78573e-08
124960.9  4.499686e-08
144974.1  2.981978e-08
168192.4  1.975151e-08
195129.3  1.307672e-08
226380.3  8.654219e-09
262636.4  5.72545e-09
304699.0  3.786738e-09
353498.1  2.50387e-09
410112.7  1.65525e-09
475794.4  1.094042e-09
551995.4  7.229931e-10
640400.4  4.777201e-10
742964.0  3.15617e-10
861953.6  2.084981e-10
1000000.0  1.377224e-10
