0.01  9.182334e-06
0.01160155  1.098271e-05
0.0134596  1.313609e-05
0.01561523  1.571168e-05
0.01811609  1.879227e-05
0.02101748  2.247687e-05
0.02438354  2.688391e-05
0.02828869  3.215503e-05
0.03281928  3.845967e-05
0.03807546  4.600045e-05
0.04417345  5.501975e-05
0.05124806  6.580746e-05
0.05945571  7.871033e-05
0.06897785  9.414304e-05
0.08002502  0.0001126017
0.09284145  0.0001346794
0.1077105  0.0001610685
0.1249609  0.0001924404
0.1449741  0.0002296578
0.1681924  0.000273759
0.1951293  0.0003259599
0.2263803  0.0003876828
0.2626364  0.0004605916
0.304699  0.0005466315
0.3534981  0.0006480783
0.4101127  0.0007675936
0.4757944  0.0009082911
0.5519954  0.001073815
0.6404004  0.001268431
0.742964  0.001497136
0.8619536  0.001765789
1.0  0.002081262
1.160155  0.00245162
1.34596  0.002886349
1.561523  0.003396601
1.811609  0.003995512
2.101748  0.004698578
2.438354  0.005524085
2.828869  0.006493654
3.281928  0.00763287
3.807546  0.008972027
4.417345  0.01054703
5.124806  0.01240044
5.945571  0.01458262
6.897785  0.01715311
8.002502  0.020182
9.284145  0.02375135
10.77105  0.02795633
12.49609  0.0329059
14.49741  0.03872252
16.81924  0.0455401
19.51293  0.05349981
22.63803  0.06274215
26.26364  0.07339515
30.4699  0.08555771
35.34981  0.09927851
41.01127  0.1145316
47.57944  0.1311908
55.19954  0.1490077
64.04004  0.1675959
74.2964  0.186429
86.19536  0.2048534
100.0  0.2221196
116.0155  0.2374303
134.596  0.2500017
156.1523  0.2591305
181.1609  0.2642586
210.1748  0.265028
243.8354  0.2613164
282.8869  0.2532513
328.1928  0.2411988
380.7546  0.225731
441.7345  0.2075752
512.4806  0.1875525
594.5571  0.1665121
689.7785  0.1452695
800.2502  0.1245543
928.4145  0.1049709
1077.105  0.08697607
1249.609  0.07087163
1449.741  0.05681155
1681.924  0.04482024
1951.293  0.03481741
2263.803  0.02664695
2626.364  0.0201048
3046.99  0.0149642
3534.981  0.0109959
4101.127  0.007983079
4757.944  0.005730923
5519.954  0.004071467
6404.004  0.00286489
7429.64  0.001998247
8619.536  0.001382671
10000.0  0.0009498325
11601.55  0.0006482573
13459.6  0.0004398592
15615.23  0.0002969062
18116.09  0.0001994881
21017.48  0.0001334862
24383.54  8.899935e-05
28288.69  5.915025e-05
32819.28  3.920252e-05
38075.46  2.591854e-05
44173.45  1.709935e-05
51248.06  1.126004e-05
59455.71  7.402786e-06
68977.85  4.860018e-06
80025.02  3.18675e-06
92841.45  2.087353e-06
107710.5  1.365977e-06
124960.9  8.931894e-07
144974.1  5.83637e-07
168192.4  3.811386e-07
195129.3  2.487699e-07
226380.3  1.622998e-07
262636.4  1.058449e-07
304699.0  6.90045e-08
353498.1  4.497381e-08
410112.7  2.930444e-08
475794.4  1.909036e-08
551995.4  1.243409e-08
640400.4  8.097375e-09
742964.0  5.272474e-09
861953.6  3.432676e-09
1000000.0  2.234634e-09
