0.01  1.223425e-06
0.01160155  1.462106e-06
0.0134596  1.747352e-06
0.01561523  2.088247e-06
0.01811609  2.495648e-06
0.02101748  2.98253e-06
0.02438354  3.564398e-06
0.02828869  4.259785e-06
0.03281928  5.090837e-06
0.03807546  6.08402e-06
0.04417345  7.270966e-06
0.05124806  8.689476e-06
0.05945571  1.038473e-05
0.06897785  1.241071e-05
0.08002502  1.483194e-05
0.09284145  1.772554e-05
0.1077105  2.118135e-05
0.1249609  2.528629e-05
0.1449741  3.015218e-05
0.1681924  3.591358e-05
0.1951293  4.272808e-05
0.2263803  5.077995e-05
0.2626364  6.028477e-05
0.304699  7.14946e-05
0.3534981  8.470434e-05
0.4101127  0.000100259
0.4757944  0.0001185623
0.5519954  0.0001400869
0.6404004  0.0001653865
0.742964  0.0001951101
0.8619536  0.0002300189
1.0  0.0002710066
1.160155  0.0003191235
1.34596  0.0003756052
1.561523  0.0004419066
1.811609  0.0005197432
2.101748  0.0006111407
2.438354  0.0007184928
2.828869  0.0008446327
3.281928  0.0009929165
3.807546  0.001167321
4.417345  0.001372561
5.124806  0.001614223
5.945571  0.001898913
6.897785  0.002234416
8.002502  0.002629863
9.284145  0.003095866
10.77105  0.003644611
12.49609  0.004289841
14.49741  0.005046673
16.81924  0.005931127
19.51293  0.006959327
22.63803  0.008146174
26.26364  0.00950353
30.4699  0.01103783
35.34981  0.01274735
41.01127  0.01461925
47.57944  0.016627
55.19954  0.01872855
64.04004  0.02086596
74.2964  0.02296675
86.19536  0.02494736
100.0  0.02671861
116.0155  0.02819246
134.596  0.0292896
156.1523  0.02994669
181.1609  0.03012234
210.1748  0.02980103
243.8354  0.02899453
282.8869  0.02774063
328.1928  0.02609947
380.7546  0.02414807
441.7345  0.02197381
512.4806  0.01966752
594.5571  0.0173171
689.7785  0.01500212
800.2502  0.01278979
928.4145  0.01073253
1077.105  0.008867022
1249.609  0.007214689
1449.741  0.005783209
1681.924  0.004568807
1951.293  0.00355888
2263.803  0.002734768
2626.364  0.002074284
3046.99  0.001553905
3534.981  0.001150472
4101.127  0.0008424156
4757.944  0.0006105066
5519.954  0.0004382176
6404.004  0.00031178
7429.64  0.0002200322
8619.536  0.0001541404
10000.0  0.0001072606
11601.55  7.41899e-05
13459.6  5.103867e-05
15615.23  3.494263e-05
18116.09  2.382026e-05
21017.48  1.617648e-05
24383.54  1.094868e-05
28288.69  7.388466e-06
32819.28  4.972991e-06
38075.46  3.339585e-06
44173.45  2.238219e-06
51248.06  1.497471e-06
59455.71  1.000362e-06
68977.85  6.673962e-07
80025.02  4.447475e-07
92841.45  2.960819e-07
107710.5  1.96941e-07
124960.9  1.308991e-07
144974.1  8.694723e-08
168192.4  5.772088e-08
195129.3  3.830008e-08
226380.3  2.540298e-08
262636.4  1.684273e-08
304699.0  1.116362e-08
353498.1  7.397431e-09
410112.7  4.90067e-09
475794.4  3.245957e-09
551995.4  2.149585e-09
640400.4  1.423317e-09
742964.0  9.423067e-10
861953.6  6.237844e-10
1000000.0  4.128904e-10
