0.01  6.987329e-06
0.01160155  8.339206e-06
0.0134596  9.952641e-06
0.01561523  1.187824e-05
0.01811609  1.417639e-05
0.02101748  1.691918e-05
0.02438354  2.019263e-05
0.02828869  2.409941e-05
0.03281928  2.876207e-05
0.03807546  3.432684e-05
0.04417345  4.096825e-05
0.05124806  4.889461e-05
0.05945571  5.835454e-05
0.06897785  6.964472e-05
0.08002502  8.31193e-05
0.09284145  9.920087e-05
0.1077105  0.000118381
0.1249609  0.0001411319
0.1449741  0.0001680631
0.1681924  0.0001999077
0.1951293  0.0002375237
0.2263803  0.0002819135
0.2626364  0.0003342491
0.304699  0.0003958999
0.3534981  0.0004684668
0.4101127  0.000553822
0.4757944  0.0006541546
0.5519954  0.0007720262
0.6404004  0.0009104355
0.742964  0.001072895
0.8619536  0.001263521
1.0  0.001487144
1.160155  0.001749433
1.34596  0.002057052
1.561523  0.00241784
1.811609  0.002841025
2.101748  0.003337486
2.438354  0.003920056
2.828869  0.00460389
3.281928  0.005406889
3.807546  0.006350199
4.417345  0.007458791
5.124806  0.008762101
5.945571  0.01029474
6.897785  0.01209719
8.002502  0.0142165
9.284145  0.01670675
10.77105  0.01962921
12.49609  0.02305185
14.49741  0.02704788
16.81924  0.03169298
19.51293  0.03706077
22.63803  0.04321609
26.26364  0.05020614
30.4699  0.05804959
35.34981  0.06672457
41.01127  0.07615662
47.57944  0.0862085
55.19954  0.09667405
64.04004  0.1072779
74.2964  0.1176826
86.19536  0.1275038
100.0  0.1363331
116.0155  0.1437659
134.596  0.1494326
156.1523  0.1530287
181.1609  0.154341
210.1748  0.153266
243.8354  0.1498198
282.8869  0.144137
328.1928  0.1364602
380.7546  0.1271207
441.7345  0.1165127
512.4806  0.1050649
594.5571  0.0932099
689.7785  0.08135706
800.2502  0.06986908
928.4145  0.05904485
1077.105  0.04910923
1249.609  0.04021014
1449.741  0.0324219
1681.924  0.02575407
1951.293  0.02016345
2263.803  0.01556809
2626.364  0.01186117
3046.99  0.008923554
3534.981  0.006634112
4101.127  0.004877467
4757.944  0.003549067
5519.954  0.00255792
6404.004  0.001827491
7429.64  0.001295252
8619.536  0.0009113972
10000.0  0.0006371245
11601.55  0.0004427872
13459.6  0.0003061192
15615.23  0.0002106501
18116.09  0.0001443573
21017.48  9.856675e-05
24383.54  6.708507e-05
28288.69  4.552969e-05
32819.28  3.082394e-05
38075.46  2.082293e-05
44173.45  1.404024e-05
51248.06  9.451317e-06
59455.71  6.353129e-06
68977.85  4.265228e-06
80025.02  2.860402e-06
92841.45  1.916482e-06
107710.5  1.283008e-06
124960.9  8.583184e-07
144974.1  5.738554e-07
168192.4  3.834675e-07
195129.3  2.561276e-07
226380.3  1.710067e-07
262636.4  1.141358e-07
304699.0  7.615591e-08
353498.1  5.080136e-08
410112.7  3.388065e-08
475794.4  2.259156e-08
551995.4  1.506155e-08
640400.4  1.003996e-08
742964.0  6.691777e-09
861953.6  4.459697e-09
1000000.0  2.971869e-09
