0.01  2.408236e-07
0.01160155  2.881371e-07
0.0134596  3.447461e-07
0.01561523  4.124771e-07
0.01811609  4.935146e-07
0.02101748  5.904734e-07
0.02438354  7.064812e-07
0.02828869  8.452804e-07
0.03281928  1.011349e-06
0.03807546  1.210045e-06
0.04417345  1.447777e-06
0.05124806  1.732216e-06
0.05945571  2.072537e-06
0.06897785  2.479719e-06
0.08002502  2.966899e-06
0.09284145  3.549793e-06
0.1077105  4.24675e-06
0.1249609  5.075655e-06
0.1449741  6.059459e-06
0.1681924  7.225791e-06
0.1951293  8.607041e-06
0.2263803  1.024113e-05
0.2626364  1.217249e-05
0.304699  1.445311e-05
0.3534981  1.714394e-05
0.4101127  2.031633e-05
0.4757944  2.405397e-05
0.5519954  2.845494e-05
0.6404004  3.363439e-05
0.742964  3.972753e-05
0.8619536  4.689331e-05
1.0  5.531882e-05
1.160155  6.52245e-05
1.34596  7.687049e-05
1.561523  9.056419e-05
1.811609  0.0001066693
2.101748  0.0001256173
2.438354  0.0001479203
2.828869  0.0001741874
3.281928  0.0002051445
3.807546  0.0002416571
4.417345  0.0002847584
5.124806  0.0003356812
5.945571  0.0003958956
6.897785  0.0004671488
8.002502  0.0005515073
9.284145  0.0006513945
10.77105  0.0007696161
12.49609  0.0009093589
14.49741  0.001074143
16.81924  0.0012677
19.51293  0.001493744
22.63803  0.001755612
26.26364  0.002055739
30.4699  0.002394995
35.34981  0.002771912
41.01127  0.003181918
47.57944  0.003616709
55.19954  0.004063953
64.04004  0.004507487
74.2964  0.004928113
86.19536  0.005304986
100.0  0.005617483
116.0155  0.005847267
134.596  0.005980249
156.1523  0.006008114
181.1609  0.005929168
210.1748  0.005748382
243.8354  0.005476668
282.8869  0.005129556
328.1928  0.004725495
380.7546  0.004284083
441.7345  0.003824423
512.4806  0.003363816
594.5571  0.002916859
689.7785  0.002494969
800.2502  0.002106281
928.4145  0.001755848
1077.105  0.001446023
1249.609  0.00117696
1449.741  0.0009471334
1681.924  0.0007538355
1951.293  0.0005936129
2263.803  0.0004626324
2626.364  0.0003569627
3046.99  0.0002727855
3534.981  0.0002065377
4101.127  0.0001550025
4757.944  0.0001153546
5519.954  8.517193e-05
6404.004  6.24225e-05
7429.64  4.543537e-05
8619.536  3.286122e-05
10000.0  2.362858e-05
11601.55  1.689972e-05
13459.6  1.202889e-05
15615.23  8.524756e-06
18116.09  6.017894e-06
21017.48  4.233449e-06
24383.54  2.968927e-06
28288.69  2.076414e-06
32819.28  1.448695e-06
38075.46  1.008591e-06
44173.45  7.008757e-07
51248.06  4.86246e-07
59455.71  3.368602e-07
68977.85  2.330782e-07
80025.02  1.610947e-07
92841.45  1.112373e-07
107710.5  7.674725e-08
124960.9  5.291342e-08
144974.1  3.645861e-08
168192.4  2.510746e-08
195129.3  1.728239e-08
226380.3  1.189134e-08
262636.4  8.17912e-09
304699.0  5.624097e-09
353498.1  3.866221e-09
410112.7  2.657194e-09
475794.4  1.825896e-09
551995.4  1.254458e-09
640400.4  8.617354e-10
742964.0  5.918851e-10
861953.6  4.06494e-10
1000000.0  2.791453e-10
