0.01  4.674849e-05
0.01160155  5.584776e-05
0.0134596  6.671815e-05
0.01561523  7.970442e-05
0.01811609  9.521835e-05
0.02101748  0.000113752
0.02438354  0.000135893
0.02828869  0.0001623437
0.03281928  0.0001939429
0.03807546  0.0002316925
0.04417345  0.00027679
0.05124806  0.0003306653
0.05945571  0.0003950271
0.06897785  0.0004719165
0.08002502  0.0005637719
0.09284145  0.0006735063
0.1077105  0.0008045125
0.1249609  0.0009600668
0.1449741  0.001144387
0.1681924  0.001362551
0.1951293  0.001620502
0.2263803  0.001925191
0.2626364  0.002284745
0.304699  0.002708672
0.3534981  0.00320809
0.4101127  0.00379601
0.4757944  0.004487655
0.5519954  0.00530085
0.6404004  0.006256476
0.742964  0.00737901
0.8619536  0.008697164
1.0  0.01024465
1.160155  0.0120611
1.34596  0.01419314
1.561523  0.01669566
1.811609  0.01963343
2.101748  0.0230829
2.438354  0.02713444
2.828869  0.031895
3.281928  0.03749126
3.807546  0.0440733
4.417345  0.05181896
5.124806  0.06093875
5.945571  0.07168137
6.897785  0.08433941
8.002502  0.09925505
9.284145  0.1168246
10.77105  0.137501
12.49609  0.1617916
14.49741  0.190249
16.81924  0.2234514
19.51293  0.2619695
22.63803  0.3063138
26.26364  0.3568654
30.4699  0.4137864
35.34981  0.4769202
41.01127  0.54569
47.57944  0.6190123
55.19954  0.6952461
64.04004  0.7721939
74.2964  0.8471716
86.19536  0.9171475
100.0  0.9789491
116.0155  1.029511
134.596  1.066139
156.1523  1.086753
181.1609  1.090082
210.1748  1.075778
243.8354  1.044441
282.8869  0.9975559
328.1928  0.9373478
380.7546  0.8665863
441.7345  0.7883545
512.4806  0.7058165
594.5571  0.6220039
689.7785  0.5396404
800.2502  0.4610132
928.4145  0.3878988
1077.105  0.3215367
1249.609  0.2626495
1449.741  0.2114955
1681.924  0.1679463
1951.293  0.1315746
2263.803  0.101746
2626.364  0.07770347
3046.99  0.05864046
3534.981  0.04375853
4101.127  0.03230921
4757.944  0.02362054
5519.954  0.01711043
6404.004  0.01228993
7429.64  0.008759151
8619.536  0.006198665
10000.0  0.004358596
11601.55  0.003047071
13459.6  0.002119161
15615.23  0.001467008
18116.09  0.001011372
21017.48  0.0006947094
24383.54  0.0004756578
28288.69  0.0003247527
32819.28  0.0002211705
38075.46  0.000150298
44173.45  0.0001019411
51248.06  6.902739e-05
59455.71  4.667269e-05
68977.85  3.151777e-05
80025.02  2.126038e-05
92841.45  1.432758e-05
107710.5  9.647512e-06
124960.9  6.491529e-06
144974.1  4.365247e-06
168192.4  2.933853e-06
195129.3  1.970906e-06
226380.3  1.323485e-06
262636.4  8.884262e-07
304699.0  5.962027e-07
353498.1  3.999948e-07
410112.7  2.682981e-07
475794.4  1.799273e-07
551995.4  1.206436e-07
640400.4  8.088144e-08
742964.0  5.421751e-08
861953.6  3.63399e-08
1000000.0  2.435496e-08
