0.01  1.216241e-07
0.01160155  1.452007e-07
0.0134596  1.733477e-07
0.01561523  2.06951e-07
0.01811609  2.470682e-07
0.02101748  2.949621e-07
0.02438354  3.521402e-07
0.02828869  4.204021e-07
0.03281928  5.018967e-07
0.03807546  5.991887e-07
0.04417345  7.153409e-07
0.05124806  8.540088e-07
0.05945571  1.019557e-06
0.06897785  1.217197e-06
0.08002502  1.45315e-06
0.09284145  1.734841e-06
0.1077105  2.070909e-06
0.1249609  2.469623e-06
0.1449741  2.941658e-06
0.1681924  3.499853e-06
0.1951293  4.159213e-06
0.2263803  4.937249e-06
0.2626364  5.854402e-06
0.304699  6.934513e-06
0.3534981  8.205405e-06
0.4101127  9.699527e-06
0.4757944  1.145473e-05
0.5519954  1.351517e-05
0.6404004  1.593236e-05
0.742964  1.876641e-05
0.8619536  2.208747e-05
1.0  2.597743e-05
1.160155  3.053195e-05
1.34596  3.586277e-05
1.561523  4.21005e-05
1.811609  4.939784e-05
2.101748  5.793347e-05
2.438354  6.791647e-05
2.828869  7.959167e-05
3.281928  9.324591e-05
3.807546  0.0001092151
4.417345  0.0001278931
5.124806  0.0001497408
5.945571  0.0001752981
6.897785  0.0002051958
8.002502  0.0002401696
9.284145  0.0002810749
10.77105  0.0003289013
12.49609  0.0003847866
14.49741  0.0004500273
16.81924  0.0005260836
19.51293  0.0006145765
22.63803  0.0007172689
26.26364  0.0008360296
30.4699  0.0009727695
35.34981  0.00112935
41.01127  0.00130745
47.57944  0.001508393
55.19954  0.00173293
64.04004  0.001980984
74.2964  0.002251359
86.19536  0.002541438
100.0  0.002846894
116.0155  0.003161449
134.596  0.003476738
156.1523  0.003782322
181.1609  0.004065926
210.1748  0.004313946
243.8354  0.004512252
282.8869  0.00464728
328.1928  0.004707348
380.7546  0.00468405
441.7345  0.004573535
512.4806  0.004377443
594.5571  0.004103253
689.7785  0.003763922
800.2502  0.003376749
928.4145  0.002961648
1077.105  0.002539052
1249.609  0.002127858
1449.741  0.001743727
1681.924  0.001398008
1951.293  0.001097379
2263.803  0.0008441475
2626.364  0.0006370274
3046.99  0.0004721595
3534.981  0.0003441555
4101.127  0.0002470119
4757.944  0.0001748009
5519.954  0.0001221206
6404.004  8.433188e-05
7429.64  5.76321e-05
8619.536  3.902008e-05
10000.0  2.620049e-05
11601.55  1.74638e-05
13459.6  1.156509e-05
15615.23  7.615149e-06
18116.09  4.989196e-06
21017.48  3.254436e-06
24383.54  2.114731e-06
28288.69  1.369561e-06
32819.28  8.843865e-07
38075.46  5.696429e-07
44173.45  3.661065e-07
51248.06  2.34846e-07
59455.71  1.503973e-07
68977.85  9.617771e-08
80025.02  6.142847e-08
92841.45  3.919213e-08
107710.5  2.498186e-08
124960.9  1.591118e-08
144974.1  1.012694e-08
168192.4  6.441625e-09
195129.3  4.095316e-09
226380.3  2.602469e-09
262636.4  1.653164e-09
304699.0  1.04979e-09
353498.1  6.664457e-10
410112.7  4.229795e-10
475794.4  2.683993e-10
551995.4  1.702799e-10
640400.4  1.080131e-10
742964.0  6.850617e-11
861953.6  4.34442e-11
1000000.0  2.754797e-11
