0.01  0.004925835
0.01160155  0.005916484
0.0134596  0.007106368
0.01561523  0.008535554
0.01811609  0.01025217
0.02101748  0.01231401
0.02438354  0.01479052
0.02828869  0.01776509
0.03281928  0.02133789
0.03807546  0.02562922
0.04417345  0.0307836
0.05124806  0.03697458
0.05945571  0.04441066
0.06897785  0.05334223
0.08002502  0.06407006
0.09284145  0.07695539
0.1077105  0.09242246
0.1249609  0.1108932
0.1449741  0.1329049
0.1681924  0.1591037
0.1951293  0.1902489
0.2263803  0.2272303
0.2626364  0.2710913
0.304699  0.3230535
0.3534981  0.3845479
0.4101127  0.4572494
0.4757944  0.5431184
0.5519954  0.6444497
0.6404004  0.7639291
0.742964  0.9047018
0.8619536  1.070451
1.0  1.265495
1.160155  1.494896
1.34596  1.764594
1.561523  2.08157
1.811609  2.454028
2.101748  2.891626
2.438354  3.405746
2.828869  4.009824
3.281928  4.719737
3.807546  5.554276
4.417345  6.535722
5.124806  7.690522
5.945571  9.05012
6.897785  10.65193
8.002502  12.54051
9.284145  14.7689
10.77105  17.40019
12.49609  20.50915
14.49741  24.18409
16.81924  28.52832
19.51293  33.66146
22.63803  39.71952
26.26364  46.85342
30.4699  55.22462
35.34981  64.99706
41.01127  76.32387
47.57944  89.328
55.19954  104.077
64.04004  120.5528
74.2964  138.6194
86.19536  157.9934
100.0  178.2244
116.0155  198.6897
134.596  218.6116
156.1523  237.0982
181.1609  253.2068
210.1748  266.0248
243.8354  274.757
282.8869  278.8078
328.1928  277.8462
380.7546  271.8431
441.7345  261.0761
512.4806  246.1019
594.5571  227.6998
689.7785  206.7964
800.2502  184.3813
928.4145  161.4249
1077.105  138.8082
1249.609  117.2696
1449.741  97.37347
1681.924  79.49978
1951.293  63.85148
2263.803  50.4769
2626.364  39.30011
3046.99  30.15522
3534.981  22.81967
4101.127  17.04372
4757.944  12.574
5519.954  9.170502
6404.004  6.617378
7429.64  4.728403
8619.536  3.348396
10000.0  2.351807
11601.55  1.639625
13459.6  1.13549
15615.23  0.7816602
18116.09  0.5352148
21017.48  0.3647292
24383.54  0.2475035
28288.69  0.1673303
32819.28  0.1127569
38075.46  0.07576369
44173.45  0.05077889
51248.06  0.03395841
59455.71  0.02266602
68977.85  0.0151034
80025.02  0.01004941
92841.45  0.006678137
107710.5  0.004432942
124960.9  0.002939776
144974.1  0.001947945
168192.4  0.001289819
195129.3  0.0008535153
226380.3  0.000564496
262636.4  0.0003731717
304699.0  0.0002465943
353498.1  0.0001628948
410112.7  0.0001075726
475794.4  7.102053e-05
551995.4  4.687804e-05
640400.4  3.093652e-05
742964.0  2.041274e-05
861953.6  1.346695e-05
1000000.0  8.883485e-06
