0.01  8.678867e-07
0.01160155  1.038235e-06
0.0134596  1.242019e-06
0.01561523  1.485803e-06
0.01811609  1.777435e-06
0.02101748  2.12631e-06
0.02438354  2.543661e-06
0.02828869  3.042929e-06
0.03281928  3.640195e-06
0.03807546  4.354691e-06
0.04417345  5.209429e-06
0.05124806  6.231933e-06
0.05945571  7.455135e-06
0.06897785  8.918425e-06
0.08002502  1.066893e-05
0.09284145  1.276302e-05
0.1077105  1.526649e-05
0.1249609  1.824319e-05
0.1449741  2.177516e-05
0.1681924  2.596114e-05
0.1951293  3.091673e-05
0.2263803  3.677718e-05
0.2626364  4.370072e-05
0.304699  5.187235e-05
0.3534981  6.150847e-05
0.4101127  7.28622e-05
0.4757944  8.622959e-05
0.5519954  0.0001019571
0.6404004  0.0001204504
0.742964  0.0001421845
0.8619536  0.0001677162
1.0  0.0001976985
1.160155  0.0002328982
1.34596  0.000274216
1.561523  0.0003227117
1.811609  0.0003796327
2.101748  0.0004464503
2.438354  0.0005249006
2.828869  0.0006170356
3.281928  0.0007252834
3.807546  0.0008525187
4.417345  0.001002149
5.124806  0.00117821
5.945571  0.001385485
6.897785  0.001629626
8.002502  0.001917294
9.284145  0.002256292
10.77105  0.002655692
12.49609  0.003125902
14.49741  0.003678659
16.81924  0.004326865
19.51293  0.005084213
22.63803  0.005964482
26.26364  0.00698046
30.4699  0.00814239
35.34981  0.00945601
41.01127  0.01092022
47.57944  0.01252461
55.19954  0.0142473
64.04004  0.01605329
74.2964  0.01789409
86.19536  0.01970869
100.0  0.02142639
116.0155  0.02297116
134.596  0.02426727
156.1523  0.02524568
181.1609  0.02585019
210.1748  0.02604276
243.8354  0.02580711
282.8869  0.02515032
328.1928  0.02410212
380.7546  0.02271209
441.7345  0.02104528
512.4806  0.01917662
594.5571  0.017185
689.7785  0.01514757
800.2502  0.01313483
928.4145  0.01120683
1077.105  0.009410759
1249.609  0.007779992
1449.741  0.006334278
1681.924  0.005081075
1951.293  0.004017501
2263.803  0.003132757
2626.364  0.002410576
3046.99  0.001831536
3534.981  0.001375012
4101.127  0.001020719
4757.944  0.0007497874
5519.954  0.0005454211
6404.004  0.0003932047
7429.64  0.0002811418
8619.536  0.0001995131
10000.0  0.0001406253
11601.55  9.851306e-05
13459.6  6.86336e-05
15615.23  4.758259e-05
18116.09  3.284465e-05
21017.48  2.258404e-05
24383.54  1.547591e-05
28288.69  1.057317e-05
32819.28  7.204561e-06
38075.46  4.897853e-06
44173.45  3.322966e-06
51248.06  2.250505e-06
59455.71  1.521831e-06
68977.85  1.027714e-06
80025.02  6.932231e-07
92841.45  4.67128e-07
107710.5  3.144987e-07
124960.9  2.115791e-07
144974.1  1.422463e-07
168192.4  9.557927e-08
195129.3  6.419076e-08
226380.3  4.309201e-08
262636.4  2.891754e-08
304699.0  1.939942e-08
353498.1  1.30106e-08
410112.7  8.723746e-09
475794.4  5.848173e-09
551995.4  3.919773e-09
640400.4  2.626851e-09
742964.0  1.760163e-09
861953.6  1.179292e-09
1000000.0  7.900359e-10
