0.01  1.479138e-07
0.01160155  1.769602e-07
0.0134596  2.117107e-07
0.01561523  2.532855e-07
0.01811609  3.030243e-07
0.02101748  3.625306e-07
0.02438354  4.337225e-07
0.02828869  5.188945e-07
0.03281928  6.207924e-07
0.03807546  7.427004e-07
0.04417345  8.88548e-07
0.05124806  1.063036e-06
0.05945571  1.27179e-06
0.06897785  1.521537e-06
0.08002502  1.820329e-06
0.09284145  2.177795e-06
0.1077105  2.605175e-06
0.1249609  3.113381e-06
0.1449741  3.716425e-06
0.1681924  4.431171e-06
0.1951293  5.277367e-06
0.2263803  6.278109e-06
0.2626364  7.460415e-06
0.304699  8.855867e-06
0.3534981  1.05014e-05
0.4101127  1.244021e-05
0.4757944  1.47228e-05
0.5519954  1.740825e-05
0.6404004  2.05657e-05
0.742964  2.427609e-05
0.8619536  2.863424e-05
1.0  3.37513e-05
1.160155  3.975766e-05
1.34596  4.680646e-05
1.561523  5.507763e-05
1.811609  6.478287e-05
2.101748  7.617157e-05
2.438354  8.953776e-05
2.828869  0.0001052285
3.281928  0.0001236542
3.807546  0.0001452999
4.417345  0.00017074
5.124806  0.0002006542
5.945571  0.0002358471
6.897785  0.0002772689
8.002502  0.0003260392
9.284145  0.0003834705
10.77105  0.0004510902
12.49609  0.0005306563
14.49741  0.0006241616
16.81924  0.0007338134
19.51293  0.0008619853
22.63803  0.001011114
26.26364  0.001183541
30.4699  0.001381271
35.34981  0.001605663
41.01127  0.001857045
47.57944  0.002134285
55.19954  0.002434379
64.04004  0.002752102
74.2964  0.003079819
86.19536  0.003407512
100.0  0.003723104
116.0155  0.004013071
134.596  0.004263338
156.1523  0.004460368
181.1609  0.004592345
210.1748  0.004650291
243.8354  0.004628989
282.8869  0.00452757
328.1928  0.004349709
380.7546  0.004103368
441.7345  0.003800139
512.4806  0.003454254
594.5571  0.003081385
689.7785  0.002697378
800.2502  0.002317066
928.4145  0.001953281
1077.105  0.001616166
1249.609  0.001312825
1449.741  0.001047308
1681.924  0.0008208776
1951.293  0.0006324856
2263.803  0.0004793627
2626.364  0.0003576259
3046.99  0.0002628378
3534.981  0.0001904622
4101.127  0.0001362008
4757.944  9.620567e-05
5519.954  6.71857e-05
6404.004  4.643142e-05
7429.64  3.178351e-05
8619.536  2.1569e-05
10000.0  1.452319e-05
11601.55  9.710546e-06
13459.6  6.452044e-06
15615.23  4.263064e-06
18116.09  2.802801e-06
21017.48  1.834669e-06
24383.54  1.196313e-06
28288.69  7.774217e-07
32819.28  5.037029e-07
38075.46  3.255074e-07
44173.45  2.098741e-07
51248.06  1.350503e-07
59455.71  8.675258e-08
68977.85  5.564388e-08
80025.02  3.564398e-08
92841.45  2.280678e-08
107710.5  1.457861e-08
124960.9  9.311073e-09
144974.1  5.942425e-09
168192.4  3.790117e-09
195129.3  2.416031e-09
226380.3  1.53938e-09
262636.4  9.804167e-10
304699.0  6.241976e-10
353498.1  3.972838e-10
410112.7  2.527927e-10
475794.4  1.608161e-10
551995.4  1.022842e-10
640400.4  6.504505e-11
742964.0  4.135767e-11
861953.6  2.629318e-11
1000000.0  1.671409e-11
