0.01  7.808749e-06
0.01160155  9.320156e-06
0.0134596  1.11241e-05
0.01561523  1.327721e-05
0.01811609  1.584706e-05
0.02101748  1.891431e-05
0.02438354  2.257524e-05
0.02828869  2.694474e-05
0.03281928  3.216e-05
0.03807546  3.838467e-05
0.04417345  4.581415e-05
0.05124806  5.468162e-05
0.05945571  6.526543e-05
0.06897785  7.789776e-05
0.08002502  9.297513e-05
0.09284145  0.0001109708
0.1077105  0.0001324352
0.1249609  0.0001578981
0.1449741  0.0001880426
0.1681924  0.000223691
0.1951293  0.0002658054
0.2263803  0.0003155106
0.2626364  0.0003741219
0.304699  0.000443177
0.3534981  0.0005244746
0.4101127  0.000620119
0.4757944  0.0007325723
0.5519954  0.0008647179
0.6404004  0.001019933
0.742964  0.001202178
0.8619536  0.001416099
1.0  0.001667151
1.160155  0.001961747
1.34596  0.002307434
1.561523  0.002713101
1.811609  0.003189231
2.101748  0.003748204
2.438354  0.004404647
2.828869  0.005175865
3.281928  0.006082343
3.807546  0.00714832
4.417345  0.008402475
5.124806  0.009878664
5.945571  0.01161674
6.897785  0.01366335
8.002502  0.01607266
9.284145  0.0189068
10.77105  0.02223586
12.49609  0.02613696
14.49741  0.03069211
16.81924  0.0359842
19.51293  0.0420909
22.63803  0.04907571
26.26364  0.05697659
30.4699  0.06579249
35.34981  0.07546914
41.01127  0.08588596
47.57944  0.09684656
55.19954  0.1080755
64.04004  0.1192236
74.2964  0.1298826
86.19536  0.1396094
100.0  0.147958
116.0155  0.1545148
134.596  0.1589338
156.1523  0.1609675
181.1609  0.1604884
210.1748  0.1574999
243.8354  0.1521342
282.8869  0.1446396
328.1928  0.135358
380.7546  0.1246961
441.7345  0.1130942
512.4806  0.100995
594.5571  0.08881619
689.7785  0.07692809
800.2502  0.06563789
928.4145  0.05518091
1077.105  0.0457182
1249.609  0.03733996
1449.741  0.03007332
1681.924  0.02389312
1951.293  0.01873407
2263.803  0.01450335
2626.364  0.01109209
3046.99  0.008385363
3534.981  0.006269991
4101.127  0.004640194
4757.944  0.003401169
5519.954  0.002470855
6404.004  0.001780322
7429.64  0.00127316
8619.536  0.0009042632
10000.0  0.0006382869
11601.55  0.0004480376
13459.6  0.000312926
15615.23  0.0002175863
18116.09  0.0001506957
21017.48  0.000104003
24383.54  7.155602e-05
28288.69  4.909792e-05
32819.28  3.360787e-05
38075.46  2.295671e-05
44173.45  1.565248e-05
51248.06  1.065525e-05
59455.71  7.243356e-06
68977.85  4.918028e-06
80025.02  3.335689e-06
92841.45  2.260395e-06
107710.5  1.530522e-06
124960.9  1.035613e-06
144974.1  7.003209e-07
168192.4  4.733418e-07
195129.3  3.19786e-07
226380.3  2.159621e-07
262636.4  1.457978e-07
304699.0  9.840131e-08
353498.1  6.639623e-08
410112.7  4.479123e-08
475794.4  3.021083e-08
551995.4  2.037338e-08
640400.4  1.373738e-08
742964.0  9.261749e-09
861953.6  6.243637e-09
1000000.0  4.208657e-09
