0.01  7.00358e-07
0.01160155  8.365458e-07
0.0134596  9.992162e-07
0.01561523  1.193519e-06
0.01811609  1.425604e-06
0.02101748  1.70282e-06
0.02438354  2.033942e-06
0.02828869  2.429452e-06
0.03281928  2.901871e-06
0.03807546  3.466154e-06
0.04417345  4.140165e-06
0.05124806  4.94524e-06
0.05945571  5.906866e-06
0.06897785  7.055484e-06
0.08002502  8.427458e-06
0.09284145  1.006622e-05
0.1077105  1.202233e-05
0.1249609  1.434454e-05
0.1449741  1.709563e-05
0.1681924  2.035115e-05
0.1951293  2.419953e-05
0.2263803  2.874413e-05
0.2626364  3.410576e-05
0.304699  4.042563e-05
0.3534981  4.786884e-05
0.4101127  5.662842e-05
0.4757944  6.693007e-05
0.5519954  7.903787e-05
0.6404004  9.326087e-05
0.742964  0.000109961
0.8619536  0.0001295623
1.0  0.0001525621
1.160155  0.0001795441
1.34596  0.000211194
1.561523  0.0002483181
1.811609  0.000291865
2.101748  0.0003429533
2.438354  0.0004029016
2.828869  0.0004732668
3.281928  0.0005558889
3.807546  0.0006529418
4.417345  0.0007669954
5.124806  0.000901084
5.945571  0.001058785
6.897785  0.0012443
8.002502  0.001462539
9.284145  0.001719193
10.77105  0.002020781
12.49609  0.002374648
14.49741  0.002788879
16.81924  0.003272081
19.51293  0.003833006
22.63803  0.00447993
26.26364  0.005219786
30.4699  0.006057031
35.34981  0.006992297
41.01127  0.008020925
47.57944  0.009131551
55.19954  0.010305
64.04004  0.01151368
74.2964  0.01272186
86.19536  0.01388672
100.0  0.01496059
116.0155  0.01589393
134.596  0.01663903
156.1523  0.0171539
181.1609  0.01740602
210.1748  0.01737547
243.8354  0.01705692
282.8869  0.0164605
328.1928  0.01561115
380.7546  0.01454673
441.7345  0.01331498
512.4806  0.01196971
594.5571  0.01056666
689.7785  0.009159433
800.2502  0.007795956
928.4145  0.006515761
1077.105  0.005348316
1249.609  0.004312475
1449.741  0.00341694
1681.924  0.002661569
1951.293  0.002039191
2263.803  0.001537692
2626.364  0.001142039
3046.99  0.0008360511
3534.981  0.0006037953
4101.127  0.0004305606
4757.944  0.0003034312
5519.954  0.0002115263
6404.004  0.0001459959
7429.64  9.985589e-05
8619.536  6.773839e-05
10000.0  4.561178e-05
11601.55  3.050931e-05
13459.6  2.028663e-05
15615.23  1.341822e-05
18116.09  8.833851e-06
21017.48  5.791775e-06
24383.54  3.783509e-06
28288.69  2.463722e-06
32819.28  1.599829e-06
38075.46  1.036321e-06
44173.45  6.69866e-07
51248.06  4.321899e-07
59455.71  2.783934e-07
68977.85  1.790742e-07
80025.02  1.150475e-07
92841.45  7.383495e-08
107710.5  4.734223e-08
124960.9  3.033128e-08
144974.1  1.941932e-08
168192.4  1.242568e-08
195129.3  7.946629e-09
226380.3  5.079873e-09
262636.4  3.246055e-09
304699.0  2.073555e-09
353498.1  1.324193e-09
410112.7  8.454338e-10
475794.4  5.396542e-10
551995.4  3.444067e-10
640400.4  2.197651e-10
742964.0  1.402124e-10
861953.6  8.94464e-11
1000000.0  5.705516e-11
