0.01  3.155495e-07
0.01160155  3.771725e-07
0.0134596  4.5083e-07
0.01561523  5.38872e-07
0.01811609  6.441074e-07
0.02101748  7.698942e-07
0.02438354  9.202456e-07
0.02828869  1.099959e-06
0.03281928  1.314768e-06
0.03807546  1.571527e-06
0.04417345  1.878429e-06
0.05124806  2.245264e-06
0.05945571  2.683738e-06
0.06897785  3.207841e-06
0.08002502  3.834295e-06
0.09284145  4.583089e-06
0.1077105  5.477517e-06
0.1249609  6.540107e-06
0.1449741  7.799842e-06
0.1681924  9.291601e-06
0.1951293  1.105622e-05
0.2263803  1.314143e-05
0.2626364  1.560308e-05
0.304699  1.850644e-05
0.3534981  2.192785e-05
0.4101127  2.595658e-05
0.4757944  3.069705e-05
0.5519954  3.627144e-05
0.6404004  4.282278e-05
0.742964  5.051862e-05
0.8619536  5.955531e-05
1.0  7.016318e-05
1.160155  8.261262e-05
1.34596  9.722142e-05
1.561523  0.0001143634
1.811609  0.0001344785
2.101748  0.0001580858
2.438354  0.0001857976
2.828869  0.0002183376
3.281928  0.0002565615
3.807546  0.000301482
4.417345  0.0003542979
5.124806  0.0004164277
5.945571  0.0004895477
6.897785  0.0005756334
8.002502  0.0006770029
9.284145  0.0007963568
10.77105  0.0009368089
12.49609  0.001101896
14.49741  0.001295554
16.81924  0.001522025
19.51293  0.001785702
22.63803  0.002090843
26.26364  0.002441164
30.4699  0.002839286
35.34981  0.003286063
41.01127  0.00377982
47.57944  0.004315601
55.19954  0.00488454
64.04004  0.005473491
74.2964  0.006065058
86.19536  0.006638119
100.0  0.007168894
116.0155  0.007632487
134.596  0.008004798
156.1523  0.008264568
181.1609  0.008395335
210.1748  0.00838704
243.8354  0.008237077
282.8869  0.007950645
328.1928  0.007540374
380.7546  0.007025265
441.7345  0.006429079
512.4806  0.005778382
594.5571  0.005100456
689.7785  0.004421317
800.2502  0.003764022
928.4145  0.003147427
1077.105  0.002585461
1249.609  0.002086935
1449.741  0.001655828
1681.924  0.00129194
1951.293  0.0009917736
2263.803  0.0007495259
2626.364  0.0005580312
3046.99  0.0004095933
3534.981  0.000296632
4101.127  0.000212139
4757.944  0.0001499474
5519.954  0.0001048472
6404.004  7.258663e-05
7429.64  4.979819e-05
8619.536  3.388373e-05
10000.0  2.288426e-05
11601.55  1.53525e-05
13459.6  1.02382e-05
15615.23  6.791336e-06
18116.09  4.483687e-06
21017.48  2.947818e-06
24383.54  1.930933e-06
28288.69  1.260748e-06
32819.28  8.208359e-07
38075.46  5.330972e-07
44173.45  3.454734e-07
51248.06  2.234611e-07
59455.71  1.443028e-07
68977.85  9.305211e-08
80025.02  5.992915e-08
92841.45  3.855512e-08
107710.5  2.478108e-08
124960.9  1.591502e-08
144974.1  1.021385e-08
168192.4  6.551033e-09
195129.3  4.199542e-09
226380.3  2.6909e-09
262636.4  1.723546e-09
304699.0  1.103575e-09
353498.1  7.06406e-10
410112.7  4.520613e-10
475794.4  2.892318e-10
551995.4  1.850177e-10
640400.4  1.183341e-10
742964.0  7.56739e-11
861953.6  4.838714e-11
1000000.0  3.093631e-11
