0.01  4e-20
0.01338088  4e-20
0.01790479  4e-20
0.02390681  4e-20
0.03183221  4e-20
0.04210285  4e-20
0.05510735  4e-20
0.07111503  4e-20
0.09027458  4e-20
0.1124807  4e-20
0.1375337  4e-20
0.1657185  4e-20
0.1968371  4e-20
0.2302813  4e-20
0.2675015  4e-20
0.3081838  4e-20
0.3525475  4e-20
0.4010248  4e-20
0.454162  4e-20
0.5125794  4e-20
0.576956  4e-20
0.6480289  4e-20
0.7263492  4e-20
0.8129234  4e-20
0.908572  4e-20
1.014071  4e-20
1.129672  4e-20
1.258328  4e-20
1.399567  4e-20
1.556046  4e-20
1.728746  4e-20
1.919146  4e-20
2.129073  4e-20
2.36107  4e-20
2.617216  4e-20
2.899599  4e-20
3.210916  4e-20
3.554511  4e-20
3.933012  4e-20
4.350185  4e-20
4.810052  4e-20
5.316827  4e-20
5.875216  4e-20
6.490437  4e-20
7.167928  4e-20
7.91428  4e-20
8.736185  4e-20
9.641356  4e-20
10.63789  4e-20
11.73515  4e-20
12.94341  4e-20
14.27364  4e-20
15.73864  4e-20
17.35183  4e-20
19.12722  4e-20
21.08195  4e-20
23.2346  4e-20
25.6062  4e-20
28.21697  4e-20
31.0933  4e-20
34.26162  4e-20
37.7528  4e-20
41.60081  4e-20
45.84282  4e-20
50.51828  4e-20
55.67888  4e-20
61.36987  4e-20
67.65432  4e-20
74.59531  4e-20
82.26303  4e-20
90.74045  4e-20
100.1212  4e-20
110.5347  4e-20
122.0314  4e-20
134.8146  4e-20
148.9691  4e-20
164.8166  4e-20
182.3669  4e-20
201.8336  4e-20
223.926  4e-20
248.4365  4e-20
275.63  4e-20
306.004  4e-20
340.7294  4e-20
379.3953  4e-20
423.1804  4e-20
472.8099  4e-20
529.097  4e-20
593.0393  4e-20
666.4974  4e-20
750.5074  4e-20
847.1435  4e-20
958.7661  4e-20
1090.824  4e-20
1243.621  4e-20
1417.821  4e-20
1624.766  4e-20
1869.156  4e-20
2158.058  4e-20
2500.0  4e-20
