0.01  105530500000.0
0.01338088  90377420000.0
0.01790479  77288280000.0
0.02390681  66062170000.0
0.03183221  56446990000.0
0.04210285  48309730000.0
0.05510735  41496800000.0
0.07111503  35850610000.0
0.09027458  31197360000.0
0.1124807  27386630000.0
0.1375337  24263660000.0
0.1657185  21647920000.0
0.1968371  19451410000.0
0.2302813  17616430000.0
0.2675015  16003020000.0
0.3081838  14594260000.0
0.3525475  13353370000.0
0.4010248  12248080000.0
0.454162  11253520000.0
0.5125794  10351160000.0
0.576956  9527178000.0
0.6480289  8771162000.0
0.7263492  8077070000.0
0.8129234  7436618000.0
0.908572  6845164000.0
1.014071  6299185000.0
1.129672  5797661000.0
1.258328  5329478000.0
1.399567  4898269000.0
1.556046  4497287000.0
1.728746  4125921000.0
1.919146  3782321000.0
2.129073  3464392000.0
2.36107  3169629000.0
2.617216  2896753000.0
2.899599  2644629000.0
3.210916  2411760000.0
3.554511  2196562000.0
3.933012  1998182000.0
4.350185  1815294000.0
4.810052  1646764000.0
5.316827  1491605000.0
5.875216  1348857000.0
6.490437  1217613000.0
7.167928  1097076000.0
7.91428  986392500.0
8.736185  884860800.0
9.641356  791782200.0
10.63789  706550200.0
11.73515  628568200.0
12.94341  557300900.0
14.27364  492281600.0
15.73864  433057200.0
17.35183  379248300.0
19.12722  330528000.0
21.08195  286550100.0
23.2346  247012000.0
25.6062  211627100.0
28.21697  180162000.0
31.0933  152335600.0
34.26162  127901200.0
37.7528  106595900.0
41.60081  88157710.0
45.84282  72324940.0
50.51828  58840220.0
55.67888  47431470.0
61.36987  37865820.0
67.65432  29901180.0
74.59531  23328120.0
82.26303  17956680.0
90.74045  13614980.0
100.1212  10151800.0
110.5347  7428010.0
122.0314  5338736.0
134.8146  3760203.0
148.9691  2601402.0
164.8166  1763893.0
182.3669  1180504.0
201.8336  781832.2
223.926  508963.1
248.4365  329142.4
275.63  210984.8
306.004  132954.7
340.7294  80817.46
379.3953  47532.56
423.1804  26524.48
472.8099  13874.05
529.097  6718.72
593.0393  2970.684
666.4974  1170.573
750.5074  405.6436
847.1435  120.4318
958.7661  29.74392
1090.824  5.710948
1243.621  0.8499538
1417.821  0.09735902
1624.766  0.007471775
1869.156  0.0003641613
2158.058  1.042213e-05
2500.0  1.604911e-07
